Date,Time,Price,Action,Position Type,Trade Price,Total Money,Total Point
2023-01-03,09:25:00,1005.4,Open,LONG,1005.4,40000000.0,
2023-01-03,10:25:00,1013.0,Close,None,1013.0,40713000.0,713000.0
2023-01-03,10:55:00,1015.0,Open,LONG,1015.0,40713000.0,
2023-01-04,10:55:00,1047.4,Close,None,1047.4,43906000.0,3906000.0
2023-01-05,09:20:00,1047.9,Open,LONG,1047.9,43906000.0,
2023-01-05,11:00:00,1047.4,Close,None,1047.4,43809000.0,3809000.0
2023-01-05,13:10:00,1048.8,Open,LONG,1048.8,43809000.0,
2023-01-06,09:00:00,1051.4,Close,None,1051.4,44022000.0,4022000.0
2023-01-06,09:50:00,1056.0,Open,LONG,1056.0,44022000.0,
2023-01-06,13:20:00,1059.4,Close,None,1059.4,44315000.0,4315000.0
2023-01-06,13:45:00,1056.5,Open,SHORT,1056.5,44315000.0,
2023-01-06,13:50:00,1058.1,Close,None,1058.1,44108000.0,4108000.0
2023-01-06,14:05:00,1053.7,Open,SHORT,1053.7,44108000.0,
2023-01-06,14:10:00,1056.1,Close,None,1056.1,43821000.0,3821000.0
2023-01-06,14:15:00,1050.4,Open,SHORT,1050.4,43821000.0,
2023-01-09,09:00:00,1060.0,Close,None,1060.0,42814000.0,2814000.0
2023-01-09,09:25:00,1059.9,Open,LONG,1059.9,42814000.0,
2023-01-09,09:40:00,1058.2,Close,None,1058.2,42597000.0,2597000.0
2023-01-09,10:25:00,1062.0,Open,LONG,1062.0,42597000.0,
2023-01-09,10:40:00,1059.7,Close,None,1059.7,42320000.0,2320000.0
2023-01-09,11:05:00,1062.0,Open,LONG,1062.0,42320000.0,
2023-01-09,11:20:00,1059.6,Close,None,1059.6,42033000.0,2033000.0
2023-01-09,13:25:00,1056.4,Open,SHORT,1056.4,42033000.0,
2023-01-10,09:00:00,1055.0,Close,None,1055.0,42126000.0,2126000.0
2023-01-10,10:45:00,1048.8,Open,SHORT,1048.8,42126000.0,
2023-01-10,11:15:00,1050.8,Close,None,1050.8,41879000.0,1879000.0
2023-01-10,13:35:00,1056.0,Open,LONG,1056.0,41879000.0,
2023-01-10,13:50:00,1057.4,Close,None,1057.4,41972000.0,1972000.0
2023-01-10,13:50:00,1057.4,Open,LONG,1057.4,41972000.0,
2023-01-10,14:00:00,1054.7,Close,None,1054.7,41655000.0,1655000.0
2023-01-10,14:10:00,1059.0,Open,LONG,1059.0,41655000.0,
2023-01-10,14:15:00,1057.2,Close,None,1057.2,41428000.0,1428000.0
2023-01-11,09:00:00,1062.6,Open,LONG,1062.6,41428000.0,
2023-01-11,13:20:00,1069.2,Close,None,1069.2,42041000.0,2041000.0
2023-01-11,14:15:00,1062.5,Open,SHORT,1062.5,42041000.0,
2023-01-12,09:00:00,1065.9,Close,None,1065.9,41654000.0,1654000.0
2023-01-12,09:45:00,1068.3,Open,LONG,1068.3,41654000.0,
2023-01-12,10:05:00,1066.3,Close,None,1066.3,41407000.0,1407000.0
2023-01-12,10:20:00,1063.0,Open,SHORT,1063.0,41407000.0,
2023-01-12,13:50:00,1060.0,Close,None,1060.0,41660000.0,1660000.0
2023-01-13,09:00:00,1070.6,Open,LONG,1070.6,41660000.0,
2023-01-13,10:40:00,1071.8,Close,None,1071.8,41733000.0,1733000.0
2023-01-13,14:15:00,1065.1,Open,SHORT,1065.1,41733000.0,
2023-01-16,09:00:00,1072.7,Close,None,1072.7,40926000.0,926000.0
2023-01-16,09:15:00,1073.4,Open,LONG,1073.4,40926000.0,
2023-01-16,09:30:00,1071.5,Close,None,1071.5,40689000.0,689000.0
2023-01-16,10:15:00,1066.7,Open,SHORT,1066.7,40689000.0,
2023-01-16,10:55:00,1068.2,Close,None,1068.2,40492000.0,492000.0
2023-01-16,13:00:00,1069.5,Open,LONG,1069.5,40492000.0,
2023-01-16,13:15:00,1067.1,Close,None,1067.1,40205000.0,205000.0
2023-01-16,13:40:00,1069.9,Open,LONG,1069.9,40205000.0,
2023-01-17,13:45:00,1092.0,Close,None,1092.0,42368000.0,2368000.0000000005
2023-01-17,13:45:00,1092.0,Open,LONG,1092.0,42368000.0,
2023-01-17,13:50:00,1089.0,Close,None,1089.0,42021000.0,2021000.0000000005
2023-01-17,14:15:00,1098.9,Open,LONG,1098.9,42021000.0,
2023-01-18,13:00:00,1112.3,Close,None,1112.3,43314000.0,3314000.0000000005
2023-01-18,13:25:00,1114.2,Open,LONG,1114.2,43314000.0,
2023-01-18,13:40:00,1110.4,Close,None,1110.4,42887000.0,2887000.0000000005
2023-01-18,13:45:00,1116.2,Open,LONG,1116.2,42887000.0,
2023-01-18,14:05:00,1114.1,Close,None,1114.1,42630000.0,2630000.0000000005
2023-01-18,14:10:00,1118.6,Open,LONG,1118.6,42630000.0,
2023-01-19,09:00:00,1113.5,Close,None,1113.5,42073000.0,2073000.0000000005
2023-01-19,10:00:00,1119.4,Open,LONG,1119.4,42073000.0,
2023-01-19,11:05:00,1117.7,Close,None,1117.7,41856000.0,1856000.0000000005
2023-01-19,13:00:00,1116.0,Open,SHORT,1116.0,41856000.0,
2023-01-19,13:10:00,1118.0,Close,None,1118.0,41609000.0,1609000.0000000005
2023-01-19,13:55:00,1120.2,Open,LONG,1120.2,41609000.0,
2023-01-19,14:05:00,1118.7,Close,None,1118.7,41412000.0,1412000.0000000005
2023-01-19,14:15:00,1121.3,Open,LONG,1121.3,41412000.0,
2023-01-19,14:25:00,1121.0,Close_Future_Expired,None,1121.0,41335000.00000001,-29999.999999995453
2023-01-27,10:45:00,1141.3,Open,LONG,1141.3,41335000.00000001,
2023-01-27,13:05:00,1140.5,Close,None,1140.5,41208000.00000001,-156999.99999999546
2023-01-27,13:20:00,1143.0,Open,LONG,1143.0,41208000.00000001,
2023-01-27,13:30:00,1141.5,Close,None,1141.5,41011000.00000001,-353999.99999999546
2023-01-27,13:50:00,1137.1,Open,SHORT,1137.1,41011000.00000001,
2023-01-30,09:55:00,1127.3,Close,None,1127.3,41944000.00000001,579000.0000000045
2023-01-30,10:40:00,1121.3,Open,SHORT,1121.3,41944000.00000001,
2023-01-30,11:00:00,1123.2,Close,None,1123.2,41707000.00000001,342000.00000000454
2023-01-30,14:05:00,1119.0,Open,SHORT,1119.0,41707000.00000001,
2023-01-31,13:10:00,1100.5,Close,None,1100.5,43510000.00000001,2145000.0000000047
2023-01-31,13:50:00,1109.6,Open,LONG,1109.6,43510000.00000001,
2023-01-31,13:55:00,1108.0,Close,None,1108.0,43303000.00000001,1938000.0000000047
2023-01-31,13:55:00,1108.0,Open,LONG,1108.0,43303000.00000001,
2023-02-01,09:45:00,1122.3,Close,None,1122.3,44686000.00000001,3321000.0000000047
2023-02-01,10:55:00,1114.3,Open,SHORT,1114.3,44686000.00000001,
2023-02-01,11:10:00,1116.4,Close,None,1116.4,44429000.00000001,3064000.0000000047
2023-02-01,13:30:00,1122.2,Open,LONG,1122.2,44429000.00000001,
2023-02-01,13:40:00,1120.6,Close,None,1120.6,44222000.00000001,2857000.0000000047
2023-02-01,13:45:00,1121.6,Open,LONG,1121.6,44222000.00000001,
2023-02-01,13:50:00,1114.8,Close,None,1114.8,43495000.00000001,2130000.0000000047
2023-02-01,14:00:00,1104.7,Open,SHORT,1104.7,43495000.00000001,
2023-02-02,11:15:00,1094.9,Close,None,1094.9,44428000.00000001,3063000.0000000047
2023-02-03,13:45:00,1083.6,Open,SHORT,1083.6,44428000.00000001,
2023-02-03,14:15:00,1085.8,Close,None,1085.8,44161000.00000001,2796000.0000000047
2023-02-06,09:00:00,1075.8,Open,SHORT,1075.8,44161000.00000001,
2023-02-06,10:50:00,1077.6,Close,None,1077.6,43934000.00000001,2569000.0000000047
2023-02-06,11:10:00,1082.3,Open,LONG,1082.3,43934000.00000001,
2023-02-06,13:35:00,1079.1,Close,None,1079.1,43567000.00000001,2202000.0000000047
2023-02-06,14:15:00,1087.9,Open,LONG,1087.9,43567000.00000001,
2023-02-07,10:45:00,1087.6,Close,None,1087.6,43490000.00000001,2125000.0000000047
2023-02-07,11:00:00,1085.5,Open,SHORT,1085.5,43490000.00000001,
2023-02-07,13:55:00,1078.8,Close,None,1078.8,44113000.00000001,2748000.0000000047
2023-02-07,14:10:00,1070.4,Open,SHORT,1070.4,44113000.00000001,
2023-02-07,14:15:00,1073.0,Close,None,1073.0,43806000.00000001,2441000.0000000047
2023-02-08,11:10:00,1069.6,Open,SHORT,1069.6,43806000.00000001,
2023-02-08,13:30:00,1071.8,Close,None,1071.8,43539000.00000001,2174000.0000000047
2023-02-08,13:55:00,1078.8,Open,LONG,1078.8,43539000.00000001,
2023-02-08,14:15:00,1075.9,Close,None,1075.9,43202000.00000001,1837000.0000000047
2023-02-09,09:20:00,1065.1,Open,SHORT,1065.1,43202000.00000001,
2023-02-09,09:50:00,1067.0,Close,None,1067.0,42965000.00000001,1600000.0000000047
2023-02-09,13:20:00,1070.2,Open,LONG,1070.2,42965000.00000001,
2023-02-09,13:30:00,1066.9,Close,None,1066.9,42588000.00000001,1223000.0000000047
2023-02-09,13:45:00,1070.8,Open,LONG,1070.8,42588000.00000001,
2023-02-09,14:05:00,1069.0,Close,None,1069.0,42361000.00000001,996000.0000000047
2023-02-09,14:15:00,1072.2,Open,LONG,1072.2,42361000.00000001,
2023-02-09,14:20:00,1069.9,Close,None,1069.9,42084000.00000001,719000.0000000047
2023-02-10,09:00:00,1056.8,Open,SHORT,1056.8,42084000.00000001,
2023-02-10,09:20:00,1058.7,Close,None,1058.7,41847000.00000001,482000.00000000466
2023-02-10,09:25:00,1056.5,Open,SHORT,1056.5,41847000.00000001,
2023-02-13,14:15:00,1033.9,Close,None,1033.9,44060000.00000001,2695000.000000005
2023-02-14,09:10:00,1037.8,Open,LONG,1037.8,44060000.00000001,
2023-02-14,09:25:00,1036.2,Close,None,1036.2,43853000.00000001,2488000.000000005
2023-02-14,10:10:00,1037.4,Open,LONG,1037.4,43853000.00000001,
2023-02-14,10:20:00,1035.3,Close,None,1035.3,43596000.00000001,2231000.000000005
2023-02-14,10:40:00,1038.6,Open,LONG,1038.6,43596000.00000001,
2023-02-14,10:55:00,1037.1,Close,None,1037.1,43399000.00000001,2034000.0000000051
2023-02-14,13:10:00,1033.8,Open,SHORT,1033.8,43399000.00000001,
2023-02-14,13:35:00,1035.3,Close,None,1035.3,43202000.00000001,1837000.0000000051
2023-02-14,13:55:00,1029.5,Open,SHORT,1029.5,43202000.00000001,
2023-02-14,14:05:00,1031.5,Close,None,1031.5,42955000.00000001,1590000.0000000051
2023-02-15,09:25:00,1028.0,Open,SHORT,1028.0,42955000.00000001,
2023-02-15,09:35:00,1030.5,Close,None,1030.5,42658000.00000001,1293000.0000000051
2023-02-15,09:55:00,1035.3,Open,LONG,1035.3,42658000.00000001,
2023-02-15,10:15:00,1040.9,Close,None,1040.9,43171000.00000001,1806000.0000000051
2023-02-15,10:25:00,1047.0,Open,LONG,1047.0,43171000.00000001,
2023-02-15,10:40:00,1044.8,Close,None,1044.8,42904000.00000001,1539000.0000000051
2023-02-15,10:40:00,1044.8,Open,LONG,1044.8,42904000.00000001,
2023-02-15,11:00:00,1043.0,Close,None,1043.0,42677000.00000001,1312000.0000000051
2023-02-15,14:05:00,1035.3,Open,SHORT,1035.3,42677000.00000001,
2023-02-16,09:00:00,1042.9,Close,None,1042.9,41870000.00000001,505000.0000000051
2023-02-16,09:05:00,1044.7,Open,LONG,1044.7,41870000.00000001,
2023-02-16,09:45:00,1042.9,Close,None,1042.9,41643000.00000001,278000.0000000051
2023-02-16,09:55:00,1044.4,Open,LONG,1044.4,41643000.00000001,
2023-02-16,13:05:00,1042.8,Close,None,1042.8,41436000.00000001,71000.0000000051
2023-02-16,14:00:00,1048.5,Open,LONG,1048.5,41436000.00000001,
2023-02-16,14:25:00,1052.5,Close_Future_Expired,None,1052.5,41789000.00000001,400000.0
2023-02-17,09:20:00,1047.8,Open,SHORT,1047.8,41789000.00000001,
2023-02-17,09:25:00,1049.5,Close,None,1049.5,41572000.00000001,183000.0
2023-02-17,10:10:00,1047.3,Open,SHORT,1047.3,41572000.00000001,
2023-02-17,10:25:00,1049.1,Close,None,1049.1,41345000.00000001,-44000.0
2023-02-17,10:30:00,1045.9,Open,SHORT,1045.9,41345000.00000001,
2023-02-17,13:35:00,1047.5,Close,None,1047.5,41138000.00000001,-251000.00000000003
2023-02-20,09:00:00,1050.8,Open,LONG,1050.8,41138000.00000001,
2023-02-21,11:00:00,1083.8,Close,None,1083.8,44391000.00000001,3002000.0
2023-02-21,13:30:00,1086.3,Open,LONG,1086.3,44391000.00000001,
2023-02-21,13:55:00,1084.0,Close,None,1084.0,44114000.00000001,2725000.0
2023-02-21,14:20:00,1078.3,Open,SHORT,1078.3,44114000.00000001,
2023-02-22,13:35:00,1063.7,Close,None,1063.7,45527000.00000001,4138000.0
2023-02-23,09:00:00,1045.6,Open,SHORT,1045.6,45527000.00000001,
2023-02-23,11:05:00,1036.5,Close,None,1036.5,46390000.00000001,5001000.0
2023-02-23,11:25:00,1032.4,Open,SHORT,1032.4,46390000.00000001,
2023-02-23,13:00:00,1034.4,Close,None,1034.4,46143000.00000001,4754000.0
2023-02-23,14:00:00,1027.5,Open,SHORT,1027.5,46143000.00000001,
2023-02-23,14:05:00,1030.8,Close,None,1030.8,45766000.00000001,4377000.0
2023-02-24,09:00:00,1046.2,Open,LONG,1046.2,45766000.00000001,
2023-02-24,09:10:00,1043.4,Close,None,1043.4,45439000.00000001,4050000.0
2023-02-24,09:10:00,1043.4,Open,LONG,1043.4,45439000.00000001,
2023-02-24,09:25:00,1041.9,Close,None,1041.9,45242000.00000001,3853000.0
2023-02-24,09:30:00,1043.1,Open,LONG,1043.1,45242000.00000001,
2023-02-24,09:45:00,1040.5,Close,None,1040.5,44935000.00000001,3546000.0
2023-02-24,10:35:00,1034.5,Open,SHORT,1034.5,44935000.00000001,
2023-02-24,13:40:00,1030.9,Close,None,1030.9,45248000.00000001,3859000.0
2023-02-24,14:15:00,1023.2,Open,SHORT,1023.2,45248000.00000001,
2023-02-24,14:20:00,1032.2,Close,None,1032.2,44301000.00000001,2912000.0
2023-02-27,09:00:00,1017.4,Open,SHORT,1017.4,44301000.00000001,
2023-02-27,13:00:00,1007.0,Close,None,1007.0,45294000.00000001,3905000.0
2023-02-27,13:55:00,1017.0,Open,LONG,1017.0,45294000.00000001,
2023-02-27,14:10:00,1015.5,Close,None,1015.5,45097000.00000001,3708000.0
2023-02-28,09:05:00,1016.4,Open,LONG,1016.4,45097000.00000001,
2023-02-28,13:00:00,1017.5,Close,None,1017.5,45160000.00000001,3771000.0
2023-02-28,13:20:00,1015.2,Open,SHORT,1015.2,45160000.00000001,
2023-02-28,13:55:00,1013.9,Close,None,1013.9,45243000.00000001,3854000.0
2023-02-28,14:00:00,1011.1,Open,SHORT,1011.1,45243000.00000001,
2023-03-01,10:20:00,1006.1,Close,None,1006.1,45696000.00000001,4307000.0
2023-03-01,10:40:00,1013.8,Open,LONG,1013.8,45696000.00000001,
2023-03-01,13:30:00,1024.5,Close,None,1024.5,46719000.00000001,5330000.0
2023-03-01,13:30:00,1024.5,Open,LONG,1024.5,46719000.00000001,
2023-03-01,13:50:00,1020.6,Close,None,1020.6,46282000.00000001,4893000.0
2023-03-01,14:10:00,1029.5,Open,LONG,1029.5,46282000.00000001,
2023-03-02,10:35:00,1026.8,Close,None,1026.8,45965000.00000001,4576000.0
2023-03-02,10:55:00,1024.7,Open,SHORT,1024.7,45965000.00000001,
2023-03-02,11:10:00,1026.6,Close,None,1026.6,45728000.00000001,4339000.0
2023-03-02,13:05:00,1032.1,Open,LONG,1032.1,45728000.00000001,
2023-03-02,13:15:00,1029.3,Close,None,1029.3,45401000.00000001,4012000.0
2023-03-03,09:05:00,1031.3,Open,LONG,1031.3,45401000.00000001,
2023-03-03,09:35:00,1028.2,Close,None,1028.2,45044000.00000001,3655000.0
2023-03-03,10:45:00,1021.0,Open,SHORT,1021.0,45044000.00000001,
2023-03-03,13:15:00,1016.8,Close,None,1016.8,45417000.00000001,4028000.0
2023-03-03,14:25:00,1008.0,Open,SHORT,1008.0,45417000.00000001,
2023-03-06,09:00:00,1016.3,Close,None,1016.3,44540000.00000001,3151000.0
2023-03-06,09:25:00,1026.0,Open,LONG,1026.0,44540000.00000001,
2023-03-06,11:20:00,1031.3,Close,None,1031.3,45023000.00000001,3634000.0
2023-03-06,14:10:00,1019.7,Open,SHORT,1019.7,45023000.00000001,
2023-03-07,09:05:00,1025.9,Close,None,1025.9,44356000.00000001,2967000.0
2023-03-07,09:35:00,1031.0,Open,LONG,1031.0,44356000.00000001,
2023-03-07,10:05:00,1028.6,Close,None,1028.6,44069000.00000001,2680000.0
2023-03-07,10:55:00,1029.9,Open,LONG,1029.9,44069000.00000001,
2023-03-07,11:05:00,1027.2,Close,None,1027.2,43752000.00000001,2363000.0
2023-03-07,13:25:00,1029.6,Open,LONG,1029.6,43752000.00000001,
2023-03-07,13:40:00,1027.4,Close,None,1027.4,43485000.00000001,2096000.0
2023-03-07,13:55:00,1031.8,Open,LONG,1031.8,43485000.00000001,
2023-03-07,14:15:00,1027.7,Close,None,1027.7,43028000.00000001,1639000.0
2023-03-08,09:00:00,1016.1,Open,SHORT,1016.1,43028000.00000001,
2023-03-08,09:45:00,1017.7,Close,None,1017.7,42821000.00000001,1432000.0
2023-03-08,13:25:00,1024.5,Open,LONG,1024.5,42821000.00000001,
2023-03-08,13:35:00,1022.8,Close,None,1022.8,42604000.00000001,1215000.0
2023-03-08,13:40:00,1023.2,Open,LONG,1023.2,42604000.00000001,
2023-03-09,10:10:00,1036.9,Close,None,1036.9,43927000.00000001,2538000.0
2023-03-09,10:45:00,1039.6,Open,LONG,1039.6,43927000.00000001,
2023-03-09,13:20:00,1043.6,Close,None,1043.6,44280000.00000001,2891000.0
2023-03-09,13:25:00,1043.9,Open,LONG,1043.9,44280000.00000001,
2023-03-09,13:35:00,1041.6,Close,None,1041.6,44003000.00000001,2614000.0
2023-03-09,13:55:00,1044.4,Open,LONG,1044.4,44003000.00000001,
2023-03-09,14:00:00,1042.5,Close,None,1042.5,43766000.00000001,2377000.0
2023-03-09,14:10:00,1047.5,Open,LONG,1047.5,43766000.00000001,
2023-03-09,14:25:00,1052.1,Close,None,1052.1,44179000.00000001,2790000.0
2023-03-09,14:25:00,1052.1,Open,LONG,1052.1,44179000.00000001,
2023-03-10,09:00:00,1042.0,Close,None,1042.0,43122000.00000001,1733000.0
2023-03-10,10:55:00,1037.3,Open,SHORT,1037.3,43122000.00000001,
2023-03-10,13:00:00,1039.8,Close,None,1039.8,42825000.00000001,1436000.0
2023-03-10,13:55:00,1044.0,Open,LONG,1044.0,42825000.00000001,
2023-03-10,14:05:00,1041.3,Close,None,1041.3,42508000.00000001,1119000.0
2023-03-13,09:00:00,1045.5,Open,LONG,1045.5,42508000.00000001,
2023-03-13,11:00:00,1049.3,Close,None,1049.3,42841000.00000001,1452000.0
2023-03-13,11:05:00,1052.1,Open,LONG,1052.1,42841000.00000001,
2023-03-13,13:15:00,1049.9,Close,None,1049.9,42574000.00000001,1185000.0
2023-03-14,10:20:00,1043.3,Open,SHORT,1043.3,42574000.00000001,
2023-03-14,14:15:00,1038.0,Close,None,1038.0,43057000.00000001,1668000.0
2023-03-15,09:00:00,1057.0,Open,LONG,1057.0,43057000.00000001,
2023-03-15,09:15:00,1055.4,Close,None,1055.4,42850000.00000001,1461000.0
2023-03-15,09:15:00,1055.4,Open,LONG,1055.4,42850000.00000001,
2023-03-15,09:45:00,1053.5,Close,None,1053.5,42613000.00000001,1224000.0
2023-03-15,09:45:00,1053.5,Open,LONG,1053.5,42613000.00000001,
2023-03-16,09:00:00,1058.2,Close,None,1058.2,43036000.00000001,1647000.0
2023-03-16,09:15:00,1058.6,Open,SHORT,1058.6,43036000.00000001,
2023-03-16,11:25:00,1051.8,Close,None,1051.8,43669000.00000001,2280000.0
2023-03-16,14:15:00,1043.0,Open,SHORT,1043.0,43669000.00000001,
2023-03-16,14:25:00,1042.8,Close_Future_Expired,None,1042.8,43642000.000000015,20000.000000004547
2023-03-17,09:55:00,1053.5,Open,SHORT,1053.5,43642000.000000015,
2023-03-17,13:00:00,1050.1,Close,None,1050.1,43935000.000000015,313000.00000000454
2023-03-17,13:25:00,1044.7,Open,SHORT,1044.7,43935000.000000015,
2023-03-17,13:35:00,1047.1,Close,None,1047.1,43648000.000000015,26000.00000000454
2023-03-20,09:00:00,1037.8,Open,SHORT,1037.8,43648000.000000015,
2023-03-20,14:25:00,1022.4,Close,None,1022.4,45141000.000000015,1519000.0000000047
2023-03-21,10:35:00,1019.5,Open,SHORT,1019.5,45141000.000000015,
2023-03-21,13:00:00,1018.0,Close,None,1018.0,45244000.000000015,1622000.0000000047
2023-03-21,13:45:00,1025.4,Open,LONG,1025.4,45244000.000000015,
2023-03-21,13:55:00,1023.8,Close,None,1023.8,45037000.000000015,1415000.0000000047
2023-03-21,14:05:00,1024.8,Open,LONG,1024.8,45037000.000000015,
2023-03-22,10:40:00,1035.1,Close,None,1035.1,46020000.000000015,2398000.0000000047
2023-03-22,11:20:00,1037.0,Open,LONG,1037.0,46020000.000000015,
2023-03-22,13:10:00,1038.6,Close,None,1038.6,46133000.000000015,2511000.0000000047
2023-03-22,13:30:00,1038.6,Open,LONG,1038.6,46133000.000000015,
2023-03-22,13:50:00,1035.5,Close,None,1035.5,45776000.000000015,2154000.0000000047
2023-03-22,14:15:00,1038.6,Open,LONG,1038.6,45776000.000000015,
2023-03-22,14:20:00,1035.8,Close,None,1035.8,45449000.000000015,1827000.0000000047
2023-03-23,09:00:00,1028.0,Open,SHORT,1028.0,45449000.000000015,
2023-03-23,09:20:00,1029.6,Close,None,1029.6,45242000.000000015,1620000.0000000047
2023-03-23,09:35:00,1028.5,Open,SHORT,1028.5,45242000.000000015,
2023-03-23,09:55:00,1030.8,Close,None,1030.8,44965000.000000015,1343000.0000000047
2023-03-23,13:10:00,1033.1,Open,LONG,1033.1,44965000.000000015,
2023-03-24,10:55:00,1045.5,Close,None,1045.5,46158000.000000015,2536000.0000000047
2023-03-24,11:25:00,1045.9,Open,LONG,1045.9,46158000.000000015,
2023-03-24,14:05:00,1049.3,Close,None,1049.3,46451000.000000015,2829000.0000000047
2023-03-27,09:00:00,1044.3,Open,SHORT,1044.3,46451000.000000015,
2023-03-27,10:10:00,1046.2,Close,None,1046.2,46214000.000000015,2592000.0000000047
2023-03-27,10:20:00,1047.5,Open,LONG,1047.5,46214000.000000015,
2023-03-27,11:10:00,1048.1,Close,None,1048.1,46227000.000000015,2605000.0000000047
2023-03-27,13:30:00,1049.8,Open,LONG,1049.8,46227000.000000015,
2023-03-27,13:45:00,1047.8,Close,None,1047.8,45980000.000000015,2358000.0000000047
2023-03-27,13:55:00,1049.8,Open,LONG,1049.8,45980000.000000015,
2023-03-27,14:05:00,1047.9,Close,None,1047.9,45743000.000000015,2121000.0000000047
2023-03-28,09:05:00,1055.0,Open,LONG,1055.0,45743000.000000015,
2023-03-28,13:30:00,1054.8,Close,None,1054.8,45676000.000000015,2054000.0000000047
2023-03-28,14:20:00,1052.6,Open,SHORT,1052.6,45676000.000000015,
2023-03-29,09:55:00,1053.4,Close,None,1053.4,45549000.000000015,1927000.0000000047
2023-03-29,11:10:00,1049.5,Open,SHORT,1049.5,45549000.000000015,
2023-03-29,13:10:00,1051.2,Close,None,1051.2,45332000.000000015,1710000.0000000047
2023-03-29,13:45:00,1052.7,Open,LONG,1052.7,45332000.000000015,
2023-03-29,13:50:00,1051.2,Close,None,1051.2,45135000.000000015,1513000.0000000047
2023-03-30,09:00:00,1062.1,Open,LONG,1062.1,45135000.000000015,
2023-03-30,11:00:00,1065.6,Close,None,1065.6,45438000.000000015,1816000.0000000047
2023-03-31,09:00:00,1066.1,Open,LONG,1066.1,45438000.000000015,
2023-03-31,09:50:00,1068.5,Close,None,1068.5,45631000.000000015,2009000.0000000047
2023-03-31,10:15:00,1069.9,Open,LONG,1069.9,45631000.000000015,
2023-03-31,13:15:00,1070.2,Close,None,1070.2,45614000.000000015,1992000.0000000047
2023-04-03,09:00:00,1080.9,Open,LONG,1080.9,45614000.000000015,
2023-04-03,09:05:00,1077.8,Close,None,1077.8,45257000.000000015,1635000.0000000047
2023-04-03,09:05:00,1077.8,Open,LONG,1077.8,45257000.000000015,
2023-04-03,11:15:00,1079.8,Close,None,1079.8,45410000.000000015,1788000.0000000047
2023-04-03,14:25:00,1081.2,Open,LONG,1081.2,45410000.000000015,
2023-04-04,09:15:00,1081.8,Close,None,1081.8,45423000.000000015,1801000.0000000047
2023-04-04,09:30:00,1083.0,Open,LONG,1083.0,45423000.000000015,
2023-04-04,09:40:00,1080.7,Close,None,1080.7,45146000.000000015,1524000.0000000047
2023-04-04,10:10:00,1079.0,Open,SHORT,1079.0,45146000.000000015,
2023-04-04,10:20:00,1080.4,Close,None,1080.4,44959000.000000015,1337000.0000000047
2023-04-04,14:05:00,1083.2,Open,LONG,1083.2,44959000.000000015,
2023-04-05,09:00:00,1078.7,Close,None,1078.7,44462000.000000015,840000.0000000047
2023-04-05,09:05:00,1077.8,Open,SHORT,1077.8,44462000.000000015,
2023-04-05,09:50:00,1079.5,Close,None,1079.5,44245000.000000015,623000.0000000047
2023-04-05,13:45:00,1080.2,Open,LONG,1080.2,44245000.000000015,
2023-04-05,14:00:00,1079.2,Close,None,1079.2,44098000.000000015,476000.00000000466
2023-04-05,14:25:00,1081.0,Open,LONG,1081.0,44098000.000000015,
2023-04-06,14:10:00,1084.1,Close,None,1084.1,44361000.000000015,739000.0000000047
2023-04-06,14:25:00,1079.6,Open,SHORT,1079.6,44361000.000000015,
2023-04-07,13:50:00,1070.6,Close,None,1070.6,45214000.000000015,1592000.0000000047
2023-04-10,09:00:00,1076.8,Open,LONG,1076.8,45214000.000000015,
2023-04-10,13:00:00,1076.7,Close,None,1076.7,45157000.000000015,1535000.0000000047
2023-04-10,13:45:00,1074.7,Open,SHORT,1074.7,45157000.000000015,
2023-04-10,14:15:00,1073.5,Close,None,1073.5,45230000.000000015,1608000.0000000047
2023-04-10,14:25:00,1072.5,Open,SHORT,1072.5,45230000.000000015,
2023-04-11,13:15:00,1068.5,Close,None,1068.5,45583000.000000015,1961000.0000000047
2023-04-11,14:00:00,1072.8,Open,LONG,1072.8,45583000.000000015,
2023-04-12,10:05:00,1075.6,Close,None,1075.6,45816000.000000015,2194000.0000000047
2023-04-12,11:20:00,1075.8,Open,LONG,1075.8,45816000.000000015,
2023-04-12,14:15:00,1073.7,Close,None,1073.7,45559000.000000015,1937000.0000000047
2023-04-12,14:20:00,1072.0,Open,SHORT,1072.0,45559000.000000015,
2023-04-13,09:00:00,1074.5,Close,None,1074.5,45262000.000000015,1640000.0000000047
2023-04-13,11:10:00,1072.6,Open,SHORT,1072.6,45262000.000000015,
2023-04-13,14:05:00,1071.6,Close,None,1071.6,45315000.000000015,1693000.0000000047
2023-04-14,10:05:00,1073.2,Open,LONG,1073.2,45315000.000000015,
2023-04-14,10:55:00,1071.5,Close,None,1071.5,45098000.000000015,1476000.0000000047
2023-04-14,11:00:00,1071.4,Open,SHORT,1071.4,45098000.000000015,
2023-04-17,11:25:00,1063.5,Close,None,1063.5,45841000.000000015,2219000.0000000047
2023-04-17,13:45:00,1063.5,Open,LONG,1063.5,45841000.000000015,
2023-04-17,13:55:00,1061.7,Close,None,1061.7,45614000.000000015,1992000.0000000047
2023-04-18,09:00:00,1064.4,Open,LONG,1064.4,45614000.000000015,
2023-04-18,09:45:00,1063.1,Close,None,1063.1,45437000.000000015,1815000.0000000047
2023-04-18,10:35:00,1061.7,Open,SHORT,1061.7,45437000.000000015,
2023-04-18,13:05:00,1062.5,Close,None,1062.5,45310000.000000015,1688000.0000000047
2023-04-18,13:50:00,1063.0,Open,LONG,1063.0,45310000.000000015,
2023-04-18,14:05:00,1062.0,Close,None,1062.0,45163000.000000015,1541000.0000000047
2023-04-18,14:15:00,1063.6,Open,LONG,1063.6,45163000.000000015,
2023-04-18,14:20:00,1062.0,Close,None,1062.0,44956000.000000015,1334000.0000000047
2023-04-19,10:45:00,1063.1,Open,LONG,1063.1,44956000.000000015,
2023-04-19,11:05:00,1062.4,Close,None,1062.4,44839000.000000015,1217000.0000000047
2023-04-19,13:25:00,1061.4,Open,SHORT,1061.4,44839000.000000015,
2023-04-20,09:25:00,1054.1,Close,None,1054.1,45522000.000000015,1900000.0000000047
2023-04-20,09:35:00,1053.5,Open,SHORT,1053.5,45522000.000000015,
2023-04-20,10:20:00,1055.1,Close,None,1055.1,45315000.000000015,1693000.0000000047
2023-04-20,11:05:00,1052.4,Open,SHORT,1052.4,45315000.000000015,
2023-04-20,14:05:00,1050.9,Close,None,1050.9,45418000.000000015,1796000.0000000047
2023-04-20,14:10:00,1049.3,Open,SHORT,1049.3,45418000.000000015,
2023-04-20,14:15:00,1053.0,Close,None,1053.0,45001000.000000015,1379000.0000000047
2023-04-21,09:00:00,1046.7,Open,SHORT,1046.7,45001000.000000015,
2023-04-21,11:10:00,1045.6,Close,None,1045.6,45064000.000000015,1442000.0000000047
2023-04-21,13:45:00,1044.4,Open,SHORT,1044.4,45064000.000000015,
2023-04-24,11:00:00,1044.4,Close,None,1044.4,45017000.000000015,1395000.0000000047
2023-04-24,11:05:00,1045.2,Open,LONG,1045.2,45017000.000000015,
2023-04-24,13:35:00,1043.1,Close,None,1043.1,44760000.000000015,1138000.0000000047
2023-04-25,09:45:00,1043.6,Open,LONG,1043.6,44760000.000000015,
2023-04-25,10:20:00,1042.6,Close,None,1042.6,44613000.000000015,991000.0000000047
2023-04-25,10:40:00,1041.1,Open,SHORT,1041.1,44613000.000000015,
2023-04-26,10:50:00,1027.4,Close,None,1027.4,45936000.000000015,2314000.0000000047
2023-04-26,13:45:00,1032.5,Open,LONG,1032.5,45936000.000000015,
2023-04-27,10:20:00,1035.2,Close,None,1035.2,46159000.000000015,2537000.0000000047
2023-04-27,11:25:00,1033.4,Open,SHORT,1033.4,46159000.000000015,
2023-04-27,13:15:00,1035.3,Close,None,1035.3,45922000.000000015,2300000.0000000047
2023-04-27,14:00:00,1037.1,Open,LONG,1037.1,45922000.000000015,
2023-04-27,14:15:00,1035.5,Close,None,1035.5,45715000.000000015,2093000.0000000047
2023-04-28,09:00:00,1038.0,Open,LONG,1038.0,45715000.000000015,
2023-04-28,11:05:00,1037.9,Close,None,1037.9,45658000.000000015,2036000.0000000047
2023-04-28,13:35:00,1039.4,Open,LONG,1039.4,45658000.000000015,
2023-04-28,14:05:00,1040.4,Close,None,1040.4,45711000.000000015,2089000.0000000047
2023-04-28,14:10:00,1041.0,Open,LONG,1041.0,45711000.000000015,
2023-05-04,09:10:00,1038.8,Close,None,1038.8,45444000.000000015,1822000.0000000047
2023-05-04,10:00:00,1037.3,Open,SHORT,1037.3,45444000.000000015,
2023-05-04,11:15:00,1036.1,Close,None,1036.1,45517000.000000015,1895000.0000000047
2023-05-04,14:15:00,1032.3,Open,SHORT,1032.3,45517000.000000015,
2023-05-05,09:45:00,1034.1,Close,None,1034.1,45290000.000000015,1668000.0000000047
2023-05-05,13:40:00,1034.8,Open,LONG,1034.8,45290000.000000015,
2023-05-05,13:50:00,1032.8,Close,None,1032.8,45043000.000000015,1421000.0000000047
2023-05-05,14:00:00,1034.7,Open,LONG,1034.7,45043000.000000015,
2023-05-08,11:25:00,1038.5,Close,None,1038.5,45376000.000000015,1754000.0000000047
2023-05-08,11:25:00,1038.5,Open,LONG,1038.5,45376000.000000015,
2023-05-08,13:30:00,1041.2,Close,None,1041.2,45599000.000000015,1977000.0000000047
2023-05-08,13:30:00,1041.2,Open,LONG,1041.2,45599000.000000015,
2023-05-08,14:05:00,1039.5,Close,None,1039.5,45382000.000000015,1760000.0000000047
2023-05-08,14:15:00,1041.0,Open,LONG,1041.0,45382000.000000015,
2023-05-09,10:40:00,1043.8,Close,None,1043.8,45615000.000000015,1993000.0000000047
2023-05-09,13:10:00,1042.1,Open,SHORT,1042.1,45615000.000000015,
2023-05-09,13:55:00,1043.0,Close,None,1043.0,45478000.000000015,1856000.0000000047
2023-05-10,09:10:00,1043.8,Open,LONG,1043.8,45478000.000000015,
2023-05-11,13:25:00,1052.8,Close,None,1052.8,46331000.000000015,2709000.0000000047
2023-05-11,13:40:00,1053.8,Open,LONG,1053.8,46331000.000000015,
2023-05-11,14:10:00,1052.4,Close,None,1052.4,46144000.000000015,2522000.0000000047
2023-05-11,14:25:00,1050.9,Open,SHORT,1050.9,46144000.000000015,
2023-05-12,10:15:00,1051.8,Close,None,1051.8,46007000.000000015,2385000.0000000047
2023-05-12,10:25:00,1052.9,Open,LONG,1052.9,46007000.000000015,
2023-05-12,13:35:00,1052.4,Close,None,1052.4,45910000.000000015,2288000.0000000047
2023-05-12,14:05:00,1053.4,Open,LONG,1053.4,45910000.000000015,
2023-05-15,10:35:00,1069.7,Close,None,1069.7,47493000.000000015,3871000.0000000047
2023-05-15,11:00:00,1070.8,Open,LONG,1070.8,47493000.000000015,
2023-05-15,13:05:00,1069.3,Close,None,1069.3,47296000.000000015,3674000.0000000047
2023-05-15,13:25:00,1070.8,Open,LONG,1070.8,47296000.000000015,
2023-05-15,14:00:00,1068.5,Close,None,1068.5,47019000.000000015,3397000.0000000047
2023-05-15,14:25:00,1066.3,Open,SHORT,1066.3,47019000.000000015,
2023-05-16,10:45:00,1067.3,Close,None,1067.3,46872000.000000015,3250000.0000000047
2023-05-16,10:55:00,1067.7,Open,LONG,1067.7,46872000.000000015,
2023-05-16,13:40:00,1067.5,Close,None,1067.5,46805000.000000015,3183000.0000000047
2023-05-16,14:15:00,1065.9,Open,SHORT,1065.9,46805000.000000015,
2023-05-17,09:10:00,1067.2,Close,None,1067.2,46628000.000000015,3006000.0000000047
2023-05-17,09:50:00,1067.6,Open,LONG,1067.6,46628000.000000015,
2023-05-17,10:20:00,1067.2,Close,None,1067.2,46541000.000000015,2919000.0000000047
2023-05-17,10:40:00,1067.8,Open,LONG,1067.8,46541000.000000015,
2023-05-17,13:35:00,1070.9,Close,None,1070.9,46804000.000000015,3182000.0000000047
2023-05-17,14:05:00,1068.2,Open,SHORT,1068.2,46804000.000000015,
2023-05-18,10:30:00,1069.5,Close,None,1069.5,46627000.000000015,3005000.0000000047
2023-05-18,10:45:00,1069.2,Open,LONG,1069.2,46627000.000000015,
2023-05-18,13:20:00,1070.4,Close,None,1070.4,46700000.000000015,3078000.0000000047
2023-05-18,13:45:00,1072.9,Open,LONG,1072.9,46700000.000000015,
2023-05-18,14:30:00,1074.4,Close_Future_Expired,None,1074.4,46803000.000000015,150000.0
2023-05-19,09:20:00,1061.0,Open,SHORT,1061.0,46803000.000000015,
2023-05-19,10:15:00,1061.1,Close,None,1061.1,46746000.000000015,93000.0
2023-05-22,09:00:00,1062.7,Open,LONG,1062.7,46746000.000000015,
2023-05-22,09:10:00,1061.0,Close,None,1061.0,46529000.000000015,-124000.0
2023-05-22,09:30:00,1061.6,Open,LONG,1061.6,46529000.000000015,
2023-05-22,11:10:00,1062.9,Close,None,1062.9,46612000.000000015,-41000.0
2023-05-22,13:55:00,1063.9,Open,LONG,1063.9,46612000.000000015,
2023-05-23,10:05:00,1068.7,Close,None,1068.7,47045000.000000015,392000.0
2023-05-23,11:10:00,1066.2,Open,SHORT,1066.2,47045000.000000015,
2023-05-24,09:00:00,1062.2,Close,None,1062.2,47398000.000000015,745000.0
2023-05-24,10:15:00,1058.2,Open,SHORT,1058.2,47398000.000000015,
2023-05-24,10:45:00,1059.7,Close,None,1059.7,47201000.000000015,548000.0
2023-05-24,14:20:00,1056.0,Open,SHORT,1056.0,47201000.000000015,
2023-05-25,13:05:00,1055.1,Close,None,1055.1,47244000.000000015,591000.0
2023-05-25,13:50:00,1056.8,Open,LONG,1056.8,47244000.000000015,
2023-05-26,09:30:00,1056.6,Close,None,1056.6,47177000.000000015,524000.0
2023-05-26,13:25:00,1056.9,Open,LONG,1056.9,47177000.000000015,
2023-05-26,13:45:00,1056.1,Close,None,1056.1,47050000.000000015,397000.0
2023-05-26,14:00:00,1057.1,Open,LONG,1057.1,47050000.000000015,
2023-05-26,14:30:00,1056.5,Close,None,1056.5,46943000.000000015,290000.0
2023-05-29,09:00:00,1059.7,Open,LONG,1059.7,46943000.000000015,
2023-05-29,13:15:00,1062.2,Close,None,1062.2,47146000.000000015,493000.0
2023-05-29,13:35:00,1063.2,Open,LONG,1063.2,47146000.000000015,
2023-05-30,09:35:00,1067.3,Close,None,1067.3,47509000.000000015,856000.0
2023-05-30,11:05:00,1065.5,Open,SHORT,1065.5,47509000.000000015,
2023-05-30,11:25:00,1066.6,Close,None,1066.6,47352000.000000015,699000.0
2023-05-30,13:15:00,1068.3,Open,LONG,1068.3,47352000.000000015,
2023-05-30,13:55:00,1066.0,Close,None,1066.0,47075000.000000015,422000.00000000006
2023-05-30,14:00:00,1065.0,Open,SHORT,1065.0,47075000.000000015,
2023-05-30,14:20:00,1066.7,Close,None,1066.7,46858000.000000015,205000.00000000006
2023-05-31,09:00:00,1068.1,Open,LONG,1068.1,46858000.000000015,
2023-05-31,09:35:00,1065.8,Close,None,1065.8,46581000.000000015,-71999.99999999988
2023-05-31,10:35:00,1064.9,Open,SHORT,1064.9,46581000.000000015,
2023-05-31,13:30:00,1066.0,Close,None,1066.0,46424000.000000015,-228999.99999999988
2023-05-31,13:55:00,1063.3,Open,SHORT,1063.3,46424000.000000015,
2023-06-01,14:00:00,1060.2,Close,None,1060.2,46687000.000000015,34000.00000000012
2023-06-02,09:00:00,1069.0,Open,LONG,1069.0,46687000.000000015,
2023-06-02,13:25:00,1078.3,Close,None,1078.3,47570000.000000015,917000.0000000001
2023-06-02,14:10:00,1082.4,Open,LONG,1082.4,47570000.000000015,
2023-06-05,11:15:00,1086.6,Close,None,1086.6,47943000.000000015,1290000.0000000002
2023-06-06,10:30:00,1086.7,Open,LONG,1086.7,47943000.000000015,
2023-06-07,10:20:00,1095.6,Close,None,1095.6,48786000.000000015,2133000.0
2023-06-07,13:10:00,1096.4,Open,LONG,1096.4,48786000.000000015,
2023-06-07,13:25:00,1094.2,Close,None,1094.2,48519000.000000015,1866000.0
2023-06-07,14:20:00,1098.5,Open,LONG,1098.5,48519000.000000015,
2023-06-08,10:15:00,1096.6,Close,None,1096.6,48282000.000000015,1629000.0
2023-06-08,11:20:00,1096.1,Open,SHORT,1096.1,48282000.000000015,
2023-06-08,13:30:00,1095.5,Close,None,1095.5,48295000.000000015,1642000.0
2023-06-08,14:05:00,1092.1,Open,SHORT,1092.1,48295000.000000015,
2023-06-09,10:20:00,1090.8,Close,None,1090.8,48378000.000000015,1725000.0
2023-06-12,09:00:00,1096.8,Open,LONG,1096.8,48378000.000000015,
2023-06-12,09:20:00,1095.3,Close,None,1095.3,48181000.000000015,1528000.0
2023-06-12,09:20:00,1095.3,Open,LONG,1095.3,48181000.000000015,
2023-06-12,10:50:00,1094.4,Close,None,1094.4,48044000.000000015,1391000.0
2023-06-12,11:15:00,1092.6,Open,SHORT,1092.6,48044000.000000015,
2023-06-12,13:35:00,1093.7,Close,None,1093.7,47887000.000000015,1234000.0
2023-06-12,14:00:00,1095.2,Open,LONG,1095.2,47887000.000000015,
2023-06-12,14:10:00,1095.8,Close,None,1095.8,47900000.000000015,1247000.0
2023-06-12,14:10:00,1095.8,Open,LONG,1095.8,47900000.000000015,
2023-06-13,10:50:00,1110.5,Close,None,1110.5,49323000.000000015,2670000.0
2023-06-13,11:10:00,1110.8,Open,LONG,1110.8,49323000.000000015,
2023-06-13,11:25:00,1109.2,Close,None,1109.2,49116000.000000015,2463000.0
2023-06-13,13:05:00,1111.0,Open,LONG,1111.0,49116000.000000015,
2023-06-13,13:20:00,1108.4,Close,None,1108.4,48809000.000000015,2156000.0
2023-06-13,13:40:00,1111.9,Open,LONG,1111.9,48809000.000000015,
2023-06-13,13:55:00,1108.8,Close,None,1108.8,48452000.000000015,1799000.0
2023-06-13,14:20:00,1114.5,Open,LONG,1114.5,48452000.000000015,
2023-06-14,10:25:00,1117.9,Close,None,1117.9,48745000.000000015,2092000.0
2023-06-14,13:05:00,1118.2,Open,LONG,1118.2,48745000.000000015,
2023-06-14,14:15:00,1119.0,Close,None,1119.0,48778000.000000015,2125000.0
2023-06-15,13:25:00,1116.0,Open,LONG,1116.0,48778000.000000015,
2023-06-15,13:55:00,1114.0,Close,None,1114.0,48531000.000000015,1878000.0
2023-06-15,14:20:00,1109.8,Open,SHORT,1109.8,48531000.000000015,
2023-06-15,14:30:00,1109.5,Close_Future_Expired,None,1109.5,48514000.00000001,29999.999999995453
2023-06-16,09:20:00,1108.4,Open,LONG,1108.4,48514000.00000001,
2023-06-16,14:00:00,1114.9,Close,None,1114.9,49117000.00000001,632999.9999999955
2023-06-16,14:10:00,1110.3,Open,SHORT,1110.3,49117000.00000001,
2023-06-19,13:10:00,1099.9,Close,None,1099.9,50110000.00000001,1625999.9999999953
2023-06-19,14:25:00,1095.5,Open,SHORT,1095.5,50110000.00000001,
2023-06-20,14:20:00,1096.0,Close,None,1096.0,50013000.00000001,1528999.9999999953
2023-06-21,09:00:00,1099.9,Open,LONG,1099.9,50013000.00000001,
2023-06-21,11:15:00,1098.5,Close,None,1098.5,49826000.00000001,1341999.9999999953
2023-06-21,11:25:00,1097.5,Open,SHORT,1097.5,49826000.00000001,
2023-06-21,13:35:00,1100.5,Close,None,1100.5,49479000.00000001,994999.9999999953
2023-06-21,13:40:00,1100.6,Open,LONG,1100.6,49479000.00000001,
2023-06-22,10:10:00,1113.5,Close,None,1113.5,50722000.00000001,2237999.9999999953
2023-06-22,10:20:00,1115.2,Open,LONG,1115.2,50722000.00000001,
2023-06-22,13:30:00,1113.3,Close,None,1113.3,50485000.00000001,2000999.9999999953
2023-06-22,14:20:00,1119.5,Open,LONG,1119.5,50485000.00000001,
2023-06-22,14:25:00,1112.1,Close,None,1112.1,49698000.00000001,1213999.9999999953
2023-06-23,09:40:00,1118.0,Open,LONG,1118.0,49698000.00000001,
2023-06-23,11:10:00,1117.2,Close,None,1117.2,49571000.00000001,1086999.9999999953
2023-06-23,13:05:00,1115.0,Open,SHORT,1115.0,49571000.00000001,
2023-06-23,13:40:00,1116.5,Close,None,1116.5,49374000.00000001,889999.9999999953
2023-06-23,14:05:00,1118.3,Open,LONG,1118.3,49374000.00000001,
2023-06-23,14:10:00,1116.0,Close,None,1116.0,49097000.00000001,612999.9999999953
2023-06-23,14:25:00,1119.1,Open,LONG,1119.1,49097000.00000001,
2023-06-26,09:00:00,1117.3,Close,None,1117.3,48870000.00000001,385999.99999999534
2023-06-26,09:15:00,1121.2,Open,LONG,1121.2,48870000.00000001,
2023-06-26,09:35:00,1118.2,Close,None,1118.2,48523000.00000001,38999.99999999534
2023-06-26,10:35:00,1112.5,Open,SHORT,1112.5,48523000.00000001,
2023-06-26,10:45:00,1114.5,Close,None,1114.5,48276000.00000001,-208000.00000000463
2023-06-26,14:05:00,1118.7,Open,LONG,1118.7,48276000.00000001,
2023-06-27,13:50:00,1123.2,Close,None,1123.2,48679000.00000001,194999.99999999537
2023-06-27,14:15:00,1124.5,Open,LONG,1124.5,48679000.00000001,
2023-06-28,11:25:00,1128.0,Close,None,1128.0,48982000.00000001,497999.99999999534
2023-06-28,14:05:00,1128.9,Open,LONG,1128.9,48982000.00000001,
2023-06-29,09:00:00,1132.1,Close,None,1132.1,49255000.00000001,770999.9999999953
2023-06-29,09:00:00,1132.1,Open,LONG,1132.1,49255000.00000001,
2023-06-29,09:25:00,1129.7,Close,None,1129.7,48968000.00000001,483999.99999999534
2023-06-29,09:55:00,1126.2,Open,SHORT,1126.2,48968000.00000001,
2023-06-29,14:10:00,1126.5,Close,None,1126.5,48891000.00000001,406999.99999999534
2023-06-29,14:20:00,1120.0,Open,SHORT,1120.0,48891000.00000001,
2023-06-30,13:00:00,1116.3,Close,None,1116.3,49214000.00000001,729999.9999999953
2023-06-30,13:40:00,1119.0,Open,LONG,1119.0,49214000.00000001,
2023-06-30,14:10:00,1116.6,Close,None,1116.6,48927000.00000001,442999.99999999534
2023-06-30,14:25:00,1118.7,Open,LONG,1118.7,48927000.00000001,
2023-07-03,10:05:00,1119.0,Close,None,1119.0,48910000.00000001,425999.99999999534
2023-07-03,10:20:00,1117.7,Open,SHORT,1117.7,48910000.00000001,
2023-07-03,13:05:00,1118.1,Close,None,1118.1,48823000.00000001,338999.99999999534
2023-07-03,13:50:00,1118.7,Open,LONG,1118.7,48823000.00000001,
2023-07-03,14:10:00,1118.1,Close,None,1118.1,48716000.00000001,231999.99999999534
2023-07-04,09:00:00,1115.1,Open,SHORT,1115.1,48716000.00000001,
2023-07-04,10:00:00,1117.3,Close,None,1117.3,48449000.00000001,-35000.00000000466
2023-07-04,10:20:00,1117.7,Open,LONG,1117.7,48449000.00000001,
2023-07-04,14:05:00,1119.9,Close,None,1119.9,48622000.00000001,137999.99999999537
2023-07-04,14:10:00,1121.2,Open,LONG,1121.2,48622000.00000001,
2023-07-05,09:00:00,1123.3,Close,None,1123.3,48785000.00000001,300999.99999999534
2023-07-05,09:10:00,1124.0,Open,LONG,1124.0,48785000.00000001,
2023-07-05,13:05:00,1125.1,Close,None,1125.1,48848000.00000001,363999.99999999534
2023-07-05,13:40:00,1127.5,Open,LONG,1127.5,48848000.00000001,
2023-07-05,14:20:00,1126.0,Close,None,1126.0,48651000.00000001,166999.99999999534
2023-07-06,09:05:00,1122.5,Open,SHORT,1122.5,48651000.00000001,
2023-07-06,13:40:00,1117.0,Close,None,1117.0,49154000.00000001,669999.9999999953
2023-07-06,13:45:00,1116.0,Open,SHORT,1116.0,49154000.00000001,
2023-07-06,14:15:00,1114.6,Close,None,1114.6,49247000.00000001,762999.9999999953
2023-07-07,13:20:00,1117.1,Open,LONG,1117.1,49247000.00000001,
2023-07-10,10:05:00,1127.8,Close,None,1127.8,50270000.00000001,1785999.9999999953
2023-07-10,10:05:00,1127.8,Open,LONG,1127.8,50270000.00000001,
2023-07-10,14:15:00,1132.7,Close,None,1132.7,50713000.00000001,2228999.9999999953
2023-07-10,14:25:00,1135.5,Open,LONG,1135.5,50713000.00000001,
2023-07-11,14:05:00,1137.6,Close,None,1137.6,50876000.00000001,2391999.9999999953
2023-07-11,14:10:00,1137.9,Open,SHORT,1137.9,50876000.00000001,
2023-07-12,09:00:00,1141.0,Close,None,1141.0,50519000.00000001,2034999.9999999953
2023-07-12,09:50:00,1141.8,Open,LONG,1141.8,50519000.00000001,
2023-07-12,10:45:00,1140.6,Close,None,1140.6,50352000.00000001,1867999.9999999953
2023-07-12,11:10:00,1139.6,Open,SHORT,1139.6,50352000.00000001,
2023-07-12,13:35:00,1139.0,Close,None,1139.0,50365000.00000001,1880999.9999999953
2023-07-12,14:05:00,1140.6,Open,LONG,1140.6,50365000.00000001,
2023-07-12,14:15:00,1138.5,Close,None,1138.5,50108000.00000001,1623999.9999999953
2023-07-12,14:20:00,1135.9,Open,SHORT,1135.9,50108000.00000001,
2023-07-12,14:30:00,1139.8,Close,None,1139.8,49671000.00000001,1186999.9999999953
2023-07-13,09:00:00,1147.6,Open,LONG,1147.6,49671000.00000001,
2023-07-13,11:10:00,1148.7,Close,None,1148.7,49734000.00000001,1249999.9999999953
2023-07-13,14:00:00,1150.8,Open,LONG,1150.8,49734000.00000001,
2023-07-14,10:15:00,1154.7,Close,None,1154.7,50077000.00000001,1592999.9999999953
2023-07-14,11:00:00,1156.1,Open,LONG,1156.1,50077000.00000001,
2023-07-14,11:25:00,1154.3,Close,None,1154.3,49850000.00000001,1365999.9999999953
2023-07-14,13:15:00,1152.8,Open,SHORT,1152.8,49850000.00000001,
2023-07-14,14:20:00,1150.3,Close,None,1150.3,50053000.00000001,1568999.9999999953
2023-07-17,09:00:00,1161.4,Open,LONG,1161.4,50053000.00000001,
2023-07-17,13:55:00,1162.5,Close,None,1162.5,50116000.00000001,1631999.9999999953
2023-07-18,10:50:00,1162.6,Open,LONG,1162.6,50116000.00000001,
2023-07-18,11:25:00,1161.3,Close,None,1161.3,49939000.00000001,1454999.9999999953
2023-07-18,13:30:00,1163.4,Open,LONG,1163.4,49939000.00000001,
2023-07-18,13:50:00,1161.2,Close,None,1161.2,49672000.00000001,1187999.9999999953
2023-07-18,14:15:00,1163.7,Open,LONG,1163.7,49672000.00000001,
2023-07-19,10:40:00,1167.7,Close,None,1167.7,50025000.00000001,1540999.9999999953
2023-07-19,13:25:00,1167.8,Open,LONG,1167.8,50025000.00000001,
2023-07-19,14:00:00,1167.2,Close,None,1167.2,49918000.00000001,1433999.9999999953
2023-07-19,14:15:00,1169.0,Open,LONG,1169.0,49918000.00000001,
2023-07-19,14:25:00,1167.3,Close,None,1167.3,49701000.00000001,1216999.9999999953
2023-07-20,09:20:00,1162.9,Open,SHORT,1162.9,49701000.00000001,
2023-07-20,13:50:00,1163.2,Close,None,1163.2,49624000.00000001,1139999.9999999953
2023-07-20,14:25:00,1164.2,Open,LONG,1164.2,49624000.00000001,
2023-07-20,14:30:00,1165.3,Close_Future_Expired,None,1165.3,49687000.0,109999.9999999909
2023-07-21,09:20:00,1162.9,Open,SHORT,1162.9,49687000.0,
2023-07-21,09:50:00,1164.0,Close,None,1164.0,49530000.0,-47000.000000009095
2023-07-21,10:10:00,1164.5,Open,LONG,1164.5,49530000.0,
2023-07-24,10:15:00,1185.4,Close,None,1185.4,51573000.0,1995999.999999991
2023-07-24,10:35:00,1186.8,Open,LONG,1186.8,51573000.0,
2023-07-24,13:25:00,1185.2,Close,None,1185.2,51366000.0,1788999.999999991
2023-07-24,14:00:00,1187.0,Open,LONG,1187.0,51366000.0,
2023-07-25,11:10:00,1193.2,Close,None,1193.2,51939000.0,2361999.9999999907
2023-07-25,13:05:00,1194.6,Open,LONG,1194.6,51939000.0,
2023-07-25,14:10:00,1193.1,Close,None,1193.1,51742000.0,2164999.9999999907
2023-07-26,11:20:00,1194.6,Open,LONG,1194.6,51742000.0,
2023-07-26,13:05:00,1193.4,Close,None,1193.4,51575000.0,1997999.9999999907
2023-07-26,13:45:00,1195.2,Open,LONG,1195.2,51575000.0,
2023-07-26,14:05:00,1193.9,Close,None,1193.9,51398000.0,1820999.9999999907
2023-07-27,09:00:00,1198.4,Open,LONG,1198.4,51398000.0,
2023-07-27,10:40:00,1196.5,Close,None,1196.5,51161000.0,1583999.9999999907
2023-07-27,11:05:00,1195.9,Open,SHORT,1195.9,51161000.0,
2023-07-27,13:20:00,1193.2,Close,None,1193.2,51384000.0,1806999.9999999907
2023-07-27,14:25:00,1197.0,Open,LONG,1197.0,51384000.0,
2023-07-28,09:00:00,1192.3,Close,None,1192.3,50867000.0,1289999.9999999907
2023-07-28,10:20:00,1195.3,Open,LONG,1195.3,50867000.0,
2023-07-28,13:50:00,1198.5,Close,None,1198.5,51140000.0,1562999.9999999907
2023-07-28,14:10:00,1203.8,Open,LONG,1203.8,51140000.0,
2023-07-31,10:55:00,1214.8,Close,None,1214.8,52193000.0,2615999.9999999907
2023-07-31,13:25:00,1217.1,Open,LONG,1217.1,52193000.0,
2023-08-01,13:00:00,1238.2,Close,None,1238.2,54256000.0,4678999.999999991
2023-08-01,14:05:00,1238.6,Open,LONG,1238.6,54256000.0,
2023-08-01,14:15:00,1236.1,Close,None,1236.1,53959000.0,4381999.999999991
2023-08-01,14:20:00,1227.0,Open,SHORT,1227.0,53959000.0,
2023-08-02,13:40:00,1223.8,Close,None,1223.8,54232000.0,4654999.999999991
2023-08-02,13:55:00,1224.7,Open,LONG,1224.7,54232000.0,
2023-08-02,14:20:00,1222.0,Close,None,1222.0,53915000.0,4337999.999999991
2023-08-03,09:00:00,1216.7,Open,SHORT,1216.7,53915000.0,
2023-08-03,09:10:00,1218.2,Close,None,1218.2,53718000.0,4140999.9999999907
2023-08-03,11:00:00,1222.6,Open,LONG,1222.6,53718000.0,
2023-08-03,11:15:00,1221.1,Close,None,1221.1,53521000.0,3943999.9999999907
2023-08-03,11:20:00,1218.7,Open,SHORT,1218.7,53521000.0,
2023-08-04,09:00:00,1213.3,Close,None,1213.3,54014000.0,4436999.999999991
2023-08-04,10:05:00,1217.5,Open,LONG,1217.5,54014000.0,
2023-08-04,13:50:00,1224.0,Close,None,1224.0,54617000.0,5039999.999999991
2023-08-04,13:50:00,1224.0,Open,LONG,1224.0,54617000.0,
2023-08-07,11:15:00,1242.8,Close,None,1242.8,56450000.0,6872999.999999991
2023-08-07,14:25:00,1246.8,Open,LONG,1246.8,56450000.0,
2023-08-08,10:25:00,1247.4,Close,None,1247.4,56463000.0,6885999.999999991
2023-08-08,11:10:00,1250.0,Open,LONG,1250.0,56463000.0,
2023-08-08,13:05:00,1247.8,Close,None,1247.8,56196000.0,6618999.999999991
2023-08-08,13:45:00,1244.8,Open,SHORT,1244.8,56196000.0,
2023-08-08,14:00:00,1247.3,Close,None,1247.3,55899000.0,6321999.999999991
2023-08-08,14:05:00,1251.9,Open,LONG,1251.9,55899000.0,
2023-08-08,14:10:00,1248.1,Close,None,1248.1,55472000.0,5894999.999999991
2023-08-09,11:10:00,1241.5,Open,SHORT,1241.5,55472000.0,
2023-08-09,13:45:00,1237.0,Close,None,1237.0,55875000.0,6297999.999999991
2023-08-10,10:00:00,1237.8,Open,SHORT,1237.8,55875000.0,
2023-08-10,13:10:00,1237.8,Close,None,1237.8,55828000.0,6250999.999999991
2023-08-11,10:40:00,1228.9,Open,SHORT,1228.9,55828000.0,
2023-08-11,13:30:00,1225.2,Close,None,1225.2,56151000.0,6573999.999999991
2023-08-11,14:05:00,1233.4,Open,LONG,1233.4,56151000.0,
2023-08-14,09:05:00,1237.5,Close,None,1237.5,56514000.0,6936999.999999991
2023-08-14,09:05:00,1237.5,Open,LONG,1237.5,56514000.0,
2023-08-14,09:25:00,1235.5,Close,None,1235.5,56267000.0,6689999.999999991
2023-08-14,09:45:00,1239.5,Open,LONG,1239.5,56267000.0,
2023-08-14,10:05:00,1236.4,Close,None,1236.4,55910000.0,6332999.999999991
2023-08-14,10:50:00,1240.7,Open,LONG,1240.7,55910000.0,
2023-08-14,13:50:00,1243.0,Close,None,1243.0,56093000.0,6515999.999999991
2023-08-15,10:40:00,1236.5,Open,SHORT,1236.5,56093000.0,
2023-08-15,11:00:00,1238.1,Close,None,1238.1,55886000.0,6308999.999999991
2023-08-15,13:55:00,1239.9,Open,LONG,1239.9,55886000.0,
2023-08-15,14:00:00,1238.3,Close,None,1238.3,55679000.0,6101999.999999991
2023-08-15,14:20:00,1239.7,Open,LONG,1239.7,55679000.0,
2023-08-16,13:30:00,1251.3,Close,None,1251.3,56792000.0,7214999.999999991
2023-08-16,14:10:00,1255.8,Open,LONG,1255.8,56792000.0,
2023-08-17,09:05:00,1253.4,Close,None,1253.4,56505000.0,6927999.999999991
2023-08-17,09:45:00,1256.5,Open,LONG,1256.5,56505000.0,
2023-08-17,11:00:00,1254.8,Close,None,1254.8,56288000.0,6710999.999999991
2023-08-17,13:20:00,1258.3,Open,LONG,1258.3,56288000.0,
2023-08-17,14:05:00,1255.8,Close,None,1255.8,55991000.0,6413999.999999991
2023-08-17,14:25:00,1253.9,Open,SHORT,1253.9,55991000.0,
2023-08-17,14:30:00,1253.9,Close_Future_Expired,None,1253.9,55944000.0,0.0
2023-08-18,09:30:00,1239.7,Open,LONG,1239.7,55944000.0,
2023-08-18,09:40:00,1239.0,Close,None,1239.0,55827000.0,-117000.0
2023-08-18,09:50:00,1236.6,Open,SHORT,1236.6,55827000.0,
2023-08-18,10:15:00,1231.9,Close,None,1231.9,56250000.0,306000.00000000006
2023-08-18,10:15:00,1231.9,Open,SHORT,1231.9,56250000.0,
2023-08-21,09:00:00,1188.7,Close,None,1188.7,60523000.0,4579000.0
2023-08-21,10:10:00,1185.0,Open,SHORT,1185.0,60523000.0,
2023-08-21,10:20:00,1186.7,Close,None,1186.7,60306000.0,4362000.0
2023-08-21,14:20:00,1200.2,Open,LONG,1200.2,60306000.0,
2023-08-21,14:25:00,1193.2,Close,None,1193.2,59559000.0,3615000.0
2023-08-22,09:40:00,1184.0,Open,SHORT,1184.0,59559000.0,
2023-08-22,09:45:00,1185.7,Close,None,1185.7,59342000.0,3398000.0
2023-08-22,10:00:00,1182.2,Open,SHORT,1182.2,59342000.0,
2023-08-22,13:05:00,1168.1,Close,None,1168.1,60705000.0,4761000.0
2023-08-22,14:00:00,1191.3,Open,LONG,1191.3,60705000.0,
2023-08-22,14:05:00,1188.7,Close,None,1188.7,60398000.0,4454000.0
2023-08-22,14:05:00,1188.7,Open,LONG,1188.7,60398000.0,
2023-08-22,14:15:00,1186.1,Close,None,1186.1,60091000.0,4147000.0
2023-08-22,14:20:00,1193.3,Open,LONG,1193.3,60091000.0,
2023-08-23,10:45:00,1188.9,Close,None,1188.9,59604000.0,3660000.0
2023-08-23,11:00:00,1184.9,Open,SHORT,1184.9,59604000.0,
2023-08-23,11:10:00,1189.9,Close,None,1189.9,59057000.0,3113000.0
2023-08-23,13:50:00,1180.9,Open,SHORT,1180.9,59057000.0,
2023-08-23,14:05:00,1187.6,Close,None,1187.6,58340000.0,2396000.0
2023-08-24,10:15:00,1188.1,Open,LONG,1188.1,58340000.0,
2023-08-24,11:15:00,1188.4,Close,None,1188.4,58323000.0,2379000.0
2023-08-24,13:05:00,1194.5,Open,LONG,1194.5,58323000.0,
2023-08-24,13:15:00,1193.0,Close,None,1193.0,58126000.0,2182000.0
2023-08-24,13:30:00,1198.4,Open,LONG,1198.4,58126000.0,
2023-08-24,13:50:00,1196.9,Close,None,1196.9,57929000.0,1985000.0
2023-08-24,13:55:00,1202.0,Open,LONG,1202.0,57929000.0,
2023-08-24,14:20:00,1197.7,Close,None,1197.7,57452000.0,1508000.0
2023-08-25,10:30:00,1190.8,Open,SHORT,1190.8,57452000.0,
2023-08-25,11:00:00,1193.4,Close,None,1193.4,57145000.0,1201000.0
2023-08-25,14:05:00,1197.5,Open,LONG,1197.5,57145000.0,
2023-08-25,14:10:00,1194.9,Close,None,1194.9,56838000.0,894000.0
2023-08-28,09:00:00,1202.0,Open,LONG,1202.0,56838000.0,
2023-08-28,10:00:00,1199.6,Close,None,1199.6,56551000.0,607000.0
2023-08-28,10:45:00,1203.2,Open,LONG,1203.2,56551000.0,
2023-08-28,13:00:00,1201.4,Close,None,1201.4,56324000.0,380000.0
2023-08-28,13:20:00,1207.4,Open,LONG,1207.4,56324000.0,
2023-08-29,10:10:00,1209.1,Close,None,1209.1,56447000.0,503000.0
2023-08-29,10:55:00,1207.8,Open,SHORT,1207.8,56447000.0,
2023-08-29,13:10:00,1208.5,Close,None,1208.5,56330000.0,386000.0
2023-08-29,13:30:00,1210.5,Open,LONG,1210.5,56330000.0,
2023-08-29,13:55:00,1209.0,Close,None,1209.0,56133000.0,189000.0
2023-08-29,14:10:00,1211.7,Open,LONG,1211.7,56133000.0,
2023-08-30,11:20:00,1215.9,Close,None,1215.9,56506000.0,562000.0
2023-08-30,13:35:00,1217.4,Open,LONG,1217.4,56506000.0,
2023-08-31,14:00:00,1231.1,Close,None,1231.1,57829000.0,1884999.9999999998
2023-09-05,09:00:00,1239.7,Open,LONG,1239.7,57829000.0,
2023-09-05,13:20:00,1243.7,Close,None,1243.7,58182000.0,2238000.0
2023-09-05,14:05:00,1240.1,Open,SHORT,1240.1,58182000.0,
2023-09-05,14:20:00,1242.3,Close,None,1242.3,57915000.0,1971000.0
2023-09-06,09:20:00,1238.2,Open,SHORT,1238.2,57915000.0,
2023-09-06,09:30:00,1240.4,Close,None,1240.4,57648000.0,1704000.0
2023-09-06,09:55:00,1243.7,Open,LONG,1243.7,57648000.0,
2023-09-06,10:25:00,1242.0,Close,None,1242.0,57431000.0,1487000.0
2023-09-06,11:20:00,1238.4,Open,SHORT,1238.4,57431000.0,
2023-09-06,13:00:00,1240.2,Close,None,1240.2,57204000.0,1260000.0
2023-09-06,13:45:00,1242.9,Open,LONG,1242.9,57204000.0,
2023-09-07,10:40:00,1262.3,Close,None,1262.3,59097000.0,3153000.0
2023-09-07,11:25:00,1255.3,Open,SHORT,1255.3,59097000.0,
2023-09-07,13:00:00,1256.8,Close,None,1256.8,58900000.0,2956000.0
2023-09-07,13:50:00,1252.6,Open,SHORT,1252.6,58900000.0,
2023-09-07,13:55:00,1255.0,Close,None,1255.0,58613000.0,2669000.0
2023-09-07,14:10:00,1248.8,Open,SHORT,1248.8,58613000.0,
2023-09-07,14:15:00,1253.4,Close,None,1253.4,58106000.0,2162000.0
2023-09-08,10:10:00,1257.1,Open,LONG,1257.1,58106000.0,
2023-09-08,10:40:00,1255.1,Close,None,1255.1,57859000.0,1915000.0
2023-09-08,11:05:00,1257.0,Open,LONG,1257.0,57859000.0,
2023-09-08,11:20:00,1255.5,Close,None,1255.5,57662000.0,1718000.0
2023-09-08,13:00:00,1257.5,Open,LONG,1257.5,57662000.0,
2023-09-08,13:30:00,1254.7,Close,None,1254.7,57335000.0,1391000.0
2023-09-08,13:35:00,1252.7,Open,SHORT,1252.7,57335000.0,
2023-09-08,13:40:00,1254.3,Close,None,1254.3,57128000.0,1184000.0
2023-09-08,14:10:00,1251.0,Open,SHORT,1251.0,57128000.0,
2023-09-08,14:15:00,1253.0,Close,None,1253.0,56881000.0,937000.0
2023-09-11,09:05:00,1260.7,Open,LONG,1260.7,56881000.0,
2023-09-11,09:20:00,1259.2,Close,None,1259.2,56684000.0,740000.0
2023-09-11,09:40:00,1259.6,Open,LONG,1259.6,56684000.0,
2023-09-11,09:50:00,1257.8,Close,None,1257.8,56457000.0,513000.0
2023-09-11,10:05:00,1253.0,Open,SHORT,1253.0,56457000.0,
2023-09-11,10:35:00,1255.0,Close,None,1255.0,56210000.0,266000.0
2023-09-11,11:10:00,1250.0,Open,SHORT,1250.0,56210000.0,
2023-09-11,13:40:00,1246.7,Close,None,1246.7,56493000.0,549000.0
2023-09-11,13:55:00,1243.8,Open,SHORT,1243.8,56493000.0,
2023-09-12,09:00:00,1231.8,Close,None,1231.8,57646000.0,1702000.0
2023-09-12,13:05:00,1237.7,Open,LONG,1237.7,57646000.0,
2023-09-12,13:10:00,1235.4,Close,None,1235.4,57369000.0,1425000.0
2023-09-12,13:40:00,1238.2,Open,LONG,1238.2,57369000.0,
2023-09-13,10:05:00,1252.8,Close,None,1252.8,58782000.0,2838000.0
2023-09-13,11:15:00,1254.8,Open,LONG,1254.8,58782000.0,
2023-09-13,11:20:00,1252.5,Close,None,1252.5,58505000.0,2561000.0
2023-09-13,13:05:00,1253.4,Open,LONG,1253.4,58505000.0,
2023-09-13,13:10:00,1251.8,Close,None,1251.8,58298000.0,2354000.0
2023-09-13,13:35:00,1256.8,Open,LONG,1256.8,58298000.0,
2023-09-13,13:55:00,1253.8,Close,None,1253.8,57951000.0,2007000.0
2023-09-13,14:15:00,1243.8,Open,SHORT,1243.8,57951000.0,
2023-09-14,09:05:00,1245.3,Close,None,1245.3,57754000.0,1810000.0
2023-09-14,10:30:00,1242.1,Open,SHORT,1242.1,57754000.0,
2023-09-14,10:40:00,1244.3,Close,None,1244.3,57487000.0,1543000.0
2023-09-14,13:45:00,1232.5,Open,SHORT,1232.5,57487000.0,
2023-09-14,13:50:00,1234.3,Close,None,1234.3,57260000.0,1316000.0
2023-09-15,09:45:00,1243.0,Open,LONG,1243.0,57260000.0,
2023-09-15,10:20:00,1241.0,Close,None,1241.0,57013000.0,1069000.0
2023-09-15,11:00:00,1236.2,Open,SHORT,1236.2,57013000.0,
2023-09-15,11:10:00,1237.7,Close,None,1237.7,56816000.0,872000.0
2023-09-15,11:25:00,1235.0,Open,SHORT,1235.0,56816000.0,
2023-09-15,13:15:00,1238.3,Close,None,1238.3,56439000.0,495000.00000000006
2023-09-15,13:55:00,1242.0,Open,LONG,1242.0,56439000.0,
2023-09-15,14:05:00,1240.3,Close,None,1240.3,56222000.0,278000.00000000006
2023-09-18,09:05:00,1231.2,Open,SHORT,1231.2,56222000.0,
2023-09-18,10:15:00,1227.4,Close,None,1227.4,56555000.0,611000.0
2023-09-18,10:50:00,1222.4,Open,SHORT,1222.4,56555000.0,
2023-09-18,10:55:00,1224.6,Close,None,1224.6,56288000.0,344000.0
2023-09-18,11:20:00,1221.3,Open,SHORT,1221.3,56288000.0,
2023-09-18,13:05:00,1223.4,Close,None,1223.4,56031000.0,87000.0
2023-09-18,13:45:00,1217.3,Open,SHORT,1217.3,56031000.0,
2023-09-18,13:55:00,1222.0,Close,None,1222.0,55514000.0,-430000.0
2023-09-19,09:35:00,1225.6,Open,LONG,1225.6,55514000.0,
2023-09-19,09:50:00,1224.0,Close,None,1224.0,55307000.0,-637000.0
2023-09-19,10:35:00,1219.9,Open,SHORT,1219.9,55307000.0,
2023-09-19,13:10:00,1218.0,Close,None,1218.0,55450000.0,-494000.0
2023-09-19,13:40:00,1223.5,Open,LONG,1223.5,55450000.0,
2023-09-19,13:45:00,1221.5,Close,None,1221.5,55203000.0,-741000.0
2023-09-19,13:45:00,1221.5,Open,LONG,1221.5,55203000.0,
2023-09-19,13:55:00,1219.0,Close,None,1219.0,54906000.0,-1038000.0
2023-09-19,14:20:00,1226.5,Open,LONG,1226.5,54906000.0,
2023-09-20,09:00:00,1222.6,Close,None,1222.6,54469000.0,-1475000.0
2023-09-20,09:15:00,1225.0,Open,LONG,1225.0,54469000.0,
2023-09-20,09:20:00,1223.4,Close,None,1223.4,54262000.0,-1682000.0
2023-09-20,09:45:00,1225.5,Open,LONG,1225.5,54262000.0,
2023-09-20,09:55:00,1223.8,Close,None,1223.8,54045000.0,-1899000.0
2023-09-20,10:25:00,1225.2,Open,LONG,1225.2,54045000.0,
2023-09-20,13:55:00,1227.9,Close,None,1227.9,54268000.0,-1676000.0
2023-09-20,14:05:00,1229.9,Open,LONG,1229.9,54268000.0,
2023-09-21,09:00:00,1231.5,Close,None,1231.5,54381000.0,-1563000.0
2023-09-21,10:05:00,1226.9,Open,SHORT,1226.9,54381000.0,
2023-09-21,11:10:00,1228.4,Close,None,1228.4,54184000.0,-1760000.0
2023-09-21,13:50:00,1224.3,Open,SHORT,1224.3,54184000.0,
2023-09-21,14:30:00,1221.4,Close_Future_Expired,None,1221.4,54426999.999999985,289999.9999999864
2023-09-22,09:20:00,1195.4,Open,SHORT,1195.4,54426999.999999985,
2023-09-22,09:45:00,1197.2,Close,None,1197.2,54199999.999999985,62999.99999998638
2023-09-22,10:00:00,1194.2,Open,SHORT,1194.2,54199999.999999985,
2023-09-22,10:30:00,1183.9,Close,None,1183.9,55182999.999999985,1045999.9999999864
2023-09-22,10:40:00,1184.6,Open,SHORT,1184.6,55182999.999999985,
2023-09-22,11:00:00,1182.8,Close,None,1182.8,55315999.999999985,1178999.9999999865
2023-09-22,13:50:00,1192.5,Open,LONG,1192.5,55315999.999999985,
2023-09-25,09:00:00,1189.0,Close,None,1189.0,54918999.999999985,781999.9999999865
2023-09-25,10:40:00,1194.1,Open,LONG,1194.1,54918999.999999985,
2023-09-25,11:20:00,1192.4,Close,None,1192.4,54701999.999999985,564999.9999999865
2023-09-25,13:40:00,1186.3,Open,SHORT,1186.3,54701999.999999985,
2023-09-26,10:15:00,1173.3,Close,None,1173.3,55954999.999999985,1817999.9999999865
2023-09-26,11:15:00,1163.0,Open,SHORT,1163.0,55954999.999999985,
2023-09-26,13:00:00,1160.6,Close,None,1160.6,56147999.999999985,2010999.9999999865
2023-09-26,14:00:00,1172.5,Open,LONG,1172.5,56147999.999999985,
2023-09-26,14:05:00,1167.7,Close,None,1167.7,55620999.999999985,1483999.9999999865
2023-09-27,09:00:00,1154.9,Open,SHORT,1154.9,55620999.999999985,
2023-09-27,09:15:00,1156.9,Close,None,1156.9,55373999.999999985,1236999.9999999865
2023-09-27,10:00:00,1150.9,Open,SHORT,1150.9,55373999.999999985,
2023-09-27,10:05:00,1154.0,Close,None,1154.0,55016999.999999985,879999.9999999865
2023-09-27,11:10:00,1147.8,Open,SHORT,1147.8,55016999.999999985,
2023-09-27,11:20:00,1151.8,Close,None,1151.8,54569999.999999985,432999.9999999865
2023-09-27,13:40:00,1157.1,Open,LONG,1157.1,54569999.999999985,
2023-09-27,13:50:00,1152.4,Close,None,1152.4,54052999.999999985,-84000.0000000135
2023-09-27,14:05:00,1161.2,Open,LONG,1161.2,54052999.999999985,
2023-09-28,09:15:00,1159.6,Close,None,1159.6,53845999.999999985,-291000.0000000135
2023-09-28,10:15:00,1151.4,Open,SHORT,1151.4,53845999.999999985,
2023-09-28,10:20:00,1153.0,Close,None,1153.0,53638999.999999985,-498000.0000000135
2023-09-28,10:25:00,1152.2,Open,SHORT,1152.2,53638999.999999985,
2023-09-28,11:20:00,1150.6,Close,None,1150.6,53751999.999999985,-385000.0000000135
2023-09-28,13:35:00,1157.7,Open,LONG,1157.7,53751999.999999985,
2023-09-28,13:40:00,1154.5,Close,None,1154.5,53384999.999999985,-752000.0000000135
2023-09-28,13:50:00,1162.9,Open,LONG,1162.9,53384999.999999985,
2023-09-28,13:55:00,1160.9,Close,None,1160.9,53137999.999999985,-999000.0000000135
2023-09-28,14:10:00,1165.0,Open,LONG,1165.0,53137999.999999985,
2023-09-28,14:20:00,1156.7,Close,None,1156.7,52260999.999999985,-1876000.0000000135
2023-09-29,09:00:00,1166.4,Open,LONG,1166.4,52260999.999999985,
2023-09-29,10:25:00,1168.3,Close,None,1168.3,52403999.999999985,-1733000.0000000135
2023-09-29,14:00:00,1171.1,Open,LONG,1171.1,52403999.999999985,
2023-09-29,14:05:00,1168.7,Close,None,1168.7,52116999.999999985,-2020000.0000000135
2023-10-02,09:20:00,1160.5,Open,SHORT,1160.5,52116999.999999985,
2023-10-02,09:35:00,1162.1,Close,None,1162.1,51909999.999999985,-2227000.0000000135
2023-10-02,10:35:00,1166.4,Open,LONG,1166.4,51909999.999999985,
2023-10-02,13:15:00,1168.3,Close,None,1168.3,52052999.999999985,-2084000.0000000135
2023-10-02,13:50:00,1162.6,Open,SHORT,1162.6,52052999.999999985,
2023-10-02,14:00:00,1164.8,Close,None,1164.8,51785999.999999985,-2351000.0000000135
2023-10-03,09:00:00,1155.7,Open,SHORT,1155.7,51785999.999999985,
2023-10-03,13:25:00,1135.3,Close,None,1135.3,53778999.999999985,-358000.0000000135
2023-10-04,09:00:00,1119.8,Open,SHORT,1119.8,53778999.999999985,
2023-10-04,09:15:00,1123.1,Close,None,1123.1,53401999.999999985,-735000.0000000135
2023-10-04,11:25:00,1135.8,Open,LONG,1135.8,53401999.999999985,
2023-10-04,13:15:00,1134.1,Close,None,1134.1,53184999.999999985,-952000.0000000135
2023-10-04,13:30:00,1136.2,Open,LONG,1136.2,53184999.999999985,
2023-10-04,14:30:00,1135.3,Close,None,1135.3,53047999.999999985,-1089000.0000000135
2023-10-05,10:10:00,1131.9,Open,SHORT,1131.9,53047999.999999985,
2023-10-05,11:10:00,1134.3,Close,None,1134.3,52760999.999999985,-1376000.0000000135
2023-10-05,13:10:00,1134.4,Open,LONG,1134.4,52760999.999999985,
2023-10-05,13:25:00,1132.9,Close,None,1132.9,52563999.999999985,-1573000.0000000135
2023-10-05,13:35:00,1135.3,Open,LONG,1135.3,52563999.999999985,
2023-10-05,13:45:00,1130.5,Close,None,1130.5,52036999.999999985,-2100000.0000000135
2023-10-05,14:05:00,1128.0,Open,SHORT,1128.0,52036999.999999985,
2023-10-06,09:50:00,1126.1,Close,None,1126.1,52179999.999999985,-1957000.0000000135
2023-10-06,10:45:00,1122.4,Open,SHORT,1122.4,52179999.999999985,
2023-10-06,11:00:00,1124.2,Close,None,1124.2,51952999.999999985,-2184000.0000000135
2023-10-06,11:10:00,1121.0,Open,SHORT,1121.0,51952999.999999985,
2023-10-06,11:25:00,1122.7,Close,None,1122.7,51735999.999999985,-2401000.0000000135
2023-10-06,13:30:00,1126.8,Open,LONG,1126.8,51735999.999999985,
2023-10-09,09:00:00,1134.0,Close,None,1134.0,52408999.999999985,-1728000.0000000135
2023-10-09,09:30:00,1138.1,Open,LONG,1138.1,52408999.999999985,
2023-10-09,09:45:00,1135.8,Close,None,1135.8,52131999.999999985,-2005000.0000000135
2023-10-09,10:05:00,1138.9,Open,LONG,1138.9,52131999.999999985,
2023-10-09,11:00:00,1137.4,Close,None,1137.4,51934999.999999985,-2202000.0000000135
2023-10-09,13:05:00,1141.2,Open,LONG,1141.2,51934999.999999985,
2023-10-09,13:45:00,1139.6,Close,None,1139.6,51727999.999999985,-2409000.0000000135
2023-10-09,14:00:00,1141.6,Open,LONG,1141.6,51727999.999999985,
2023-10-10,13:05:00,1158.5,Close,None,1158.5,53370999.999999985,-766000.0000000135
2023-10-11,13:20:00,1153.5,Open,SHORT,1153.5,53370999.999999985,
2023-10-11,13:30:00,1155.3,Close,None,1155.3,53143999.999999985,-993000.0000000135
2023-10-11,13:55:00,1159.6,Open,LONG,1159.6,53143999.999999985,
2023-10-12,11:15:00,1165.8,Close,None,1165.8,53716999.999999985,-420000.0000000135
2023-10-12,13:25:00,1167.6,Open,LONG,1167.6,53716999.999999985,
2023-10-12,13:35:00,1164.8,Close,None,1164.8,53389999.999999985,-747000.0000000135
2023-10-12,13:50:00,1162.5,Open,SHORT,1162.5,53389999.999999985,
2023-10-12,13:55:00,1164.0,Close,None,1164.0,53192999.999999985,-944000.0000000135
2023-10-12,14:20:00,1159.3,Open,SHORT,1159.3,53192999.999999985,
2023-10-12,14:25:00,1161.7,Close,None,1161.7,52905999.999999985,-1231000.0000000135
2023-10-13,09:00:00,1155.4,Open,SHORT,1155.4,52905999.999999985,
2023-10-13,10:45:00,1153.5,Close,None,1153.5,53048999.999999985,-1088000.0000000135
2023-10-13,11:15:00,1151.3,Open,SHORT,1151.3,53048999.999999985,
2023-10-13,14:00:00,1154.3,Close,None,1154.3,52701999.999999985,-1435000.0000000135
2023-10-13,14:15:00,1156.7,Open,LONG,1156.7,52701999.999999985,
2023-10-16,09:00:00,1158.0,Close,None,1158.0,52784999.999999985,-1352000.0000000135
2023-10-16,09:25:00,1159.3,Open,LONG,1159.3,52784999.999999985,
2023-10-16,09:55:00,1157.7,Close,None,1157.7,52577999.999999985,-1559000.0000000135
2023-10-16,10:55:00,1153.3,Open,SHORT,1153.3,52577999.999999985,
2023-10-16,13:15:00,1155.1,Close,None,1155.1,52350999.999999985,-1786000.0000000135
2023-10-16,14:05:00,1148.2,Open,SHORT,1148.2,52350999.999999985,
2023-10-16,14:10:00,1150.0,Close,None,1150.0,52123999.999999985,-2013000.0000000135
2023-10-16,14:15:00,1145.8,Open,SHORT,1145.8,52123999.999999985,
2023-10-16,14:25:00,1148.4,Close,None,1148.4,51816999.999999985,-2320000.0000000135
2023-10-17,10:50:00,1154.9,Open,LONG,1154.9,51816999.999999985,
2023-10-17,13:45:00,1154.2,Close,None,1154.2,51699999.999999985,-2437000.0000000135
2023-10-17,14:10:00,1150.0,Open,SHORT,1150.0,51699999.999999985,
2023-10-17,14:15:00,1151.5,Close,None,1151.5,51502999.999999985,-2634000.0000000135
2023-10-17,14:25:00,1147.0,Open,SHORT,1147.0,51502999.999999985,
2023-10-18,10:55:00,1137.4,Close,None,1137.4,52415999.999999985,-1721000.0000000135
2023-10-18,13:55:00,1135.1,Open,SHORT,1135.1,52415999.999999985,
2023-10-19,11:00:00,1119.3,Close,None,1119.3,53948999.999999985,-188000.0000000135
2023-10-20,09:00:00,1102.4,Open,SHORT,1102.4,53948999.999999985,
2023-10-20,09:25:00,1104.1,Close,None,1104.1,53731999.999999985,-405000.0000000135
2023-10-20,09:30:00,1103.7,Open,SHORT,1103.7,53731999.999999985,
2023-10-20,09:50:00,1105.2,Close,None,1105.2,53534999.999999985,-602000.0000000135
2023-10-20,10:15:00,1101.7,Open,SHORT,1101.7,53534999.999999985,
2023-10-20,13:10:00,1104.5,Close,None,1104.5,53207999.999999985,-929000.0000000135
2023-10-20,13:25:00,1108.7,Open,LONG,1108.7,53207999.999999985,
2023-10-23,09:00:00,1116.9,Close,None,1116.9,53980999.999999985,-156000.0000000135
2023-10-23,10:15:00,1108.7,Open,SHORT,1108.7,53980999.999999985,
2023-10-23,13:15:00,1104.6,Close,None,1104.6,54343999.999999985,206999.9999999865
2023-10-23,14:15:00,1095.4,Open,SHORT,1095.4,54343999.999999985,
2023-10-23,14:20:00,1098.0,Close,None,1098.0,54036999.999999985,-100000.0000000135
2023-10-24,09:05:00,1112.5,Open,LONG,1112.5,54036999.999999985,
2023-10-24,10:10:00,1110.5,Close,None,1110.5,53789999.999999985,-347000.0000000135
2023-10-24,10:40:00,1104.8,Open,SHORT,1104.8,53789999.999999985,
2023-10-24,11:15:00,1106.5,Close,None,1106.5,53572999.999999985,-564000.0000000135
2023-10-24,13:00:00,1110.9,Open,LONG,1110.9,53572999.999999985,
2023-10-24,14:05:00,1117.7,Close,None,1117.7,54205999.999999985,68999.9999999865
2023-10-24,14:05:00,1117.7,Open,LONG,1117.7,54205999.999999985,
2023-10-25,09:00:00,1115.2,Close,None,1115.2,53908999.999999985,-228000.0000000135
2023-10-25,09:20:00,1118.9,Open,LONG,1118.9,53908999.999999985,
2023-10-25,10:45:00,1120.4,Close,None,1120.4,54011999.999999985,-125000.0000000135
2023-10-25,14:05:00,1114.2,Open,SHORT,1114.2,54011999.999999985,
2023-10-26,13:00:00,1074.7,Close,None,1074.7,57914999.999999985,3777999.9999999865
2023-10-26,13:50:00,1063.0,Open,SHORT,1063.0,57914999.999999985,
2023-10-26,14:05:00,1065.6,Close,None,1065.6,57607999.999999985,3470999.9999999865
2023-10-26,14:10:00,1058.5,Open,SHORT,1058.5,57607999.999999985,
2023-10-26,14:25:00,1066.2,Close,None,1066.2,56790999.999999985,2653999.9999999865
2023-10-30,10:25:00,1053.2,Open,SHORT,1053.2,56790999.999999985,
2023-10-30,10:30:00,1055.8,Close,None,1055.8,56483999.999999985,2346999.9999999865
2023-10-30,13:20:00,1058.8,Open,LONG,1058.8,56483999.999999985,
2023-10-30,14:10:00,1061.3,Close,None,1061.3,56686999.999999985,2549999.9999999865
2023-10-30,14:25:00,1050.0,Open,SHORT,1050.0,56686999.999999985,
2023-10-31,10:30:00,1043.8,Close,None,1043.8,57259999.999999985,3122999.9999999865
2023-10-31,11:25:00,1052.0,Open,LONG,1052.0,57259999.999999985,
2023-10-31,13:05:00,1050.0,Close,None,1050.0,57012999.999999985,2875999.9999999865
2023-10-31,14:10:00,1042.0,Open,SHORT,1042.0,57012999.999999985,
2023-10-31,14:15:00,1046.5,Close,None,1046.5,56515999.999999985,2378999.9999999865
2023-10-31,14:25:00,1039.2,Open,SHORT,1039.2,56515999.999999985,
2023-11-01,09:00:00,1046.9,Close,None,1046.9,55698999.999999985,1561999.9999999865
2023-11-01,10:55:00,1048.3,Open,LONG,1048.3,55698999.999999985,
2023-11-01,11:20:00,1046.8,Close,None,1046.8,55501999.999999985,1364999.9999999865
2023-11-01,13:30:00,1041.7,Open,SHORT,1041.7,55501999.999999985,
2023-11-01,13:55:00,1043.2,Close,None,1043.2,55304999.999999985,1167999.9999999865
2023-11-01,14:15:00,1048.3,Open,LONG,1048.3,55304999.999999985,
2023-11-02,10:40:00,1062.7,Close,None,1062.7,56697999.999999985,2560999.9999999865
2023-11-02,10:40:00,1062.7,Open,LONG,1062.7,56697999.999999985,
2023-11-02,13:25:00,1064.2,Close,None,1064.2,56800999.999999985,2663999.9999999865
2023-11-02,13:30:00,1066.6,Open,LONG,1066.6,56800999.999999985,
2023-11-03,10:15:00,1086.5,Close,None,1086.5,58743999.999999985,4606999.999999987
2023-11-03,13:00:00,1087.8,Open,LONG,1087.8,58743999.999999985,
2023-11-06,10:45:00,1100.1,Close,None,1100.1,59926999.999999985,5789999.999999987
2023-11-06,13:15:00,1102.0,Open,LONG,1102.0,59926999.999999985,
2023-11-06,13:25:00,1100.2,Close,None,1100.2,59699999.999999985,5562999.999999987
2023-11-06,13:35:00,1102.4,Open,LONG,1102.4,59699999.999999985,
2023-11-06,14:00:00,1100.0,Close,None,1100.0,59412999.999999985,5275999.999999987
2023-11-07,13:55:00,1094.2,Open,SHORT,1094.2,59412999.999999985,
2023-11-07,14:00:00,1095.8,Close,None,1095.8,59205999.999999985,5068999.999999987
2023-11-08,09:20:00,1092.2,Open,SHORT,1092.2,59205999.999999985,
2023-11-08,09:50:00,1088.4,Close,None,1088.4,59538999.999999985,5401999.999999987
2023-11-08,09:55:00,1087.6,Open,SHORT,1087.6,59538999.999999985,
2023-11-08,10:15:00,1089.2,Close,None,1089.2,59331999.999999985,5194999.999999987
2023-11-08,13:45:00,1104.5,Open,LONG,1104.5,59331999.999999985,
2023-11-09,10:50:00,1134.8,Close,None,1134.8,62314999.999999985,8177999.999999987
2023-11-09,13:50:00,1124.4,Open,SHORT,1124.4,62314999.999999985,
2023-11-09,13:55:00,1129.5,Close,None,1129.5,61757999.999999985,7620999.999999987
2023-11-09,14:10:00,1133.3,Open,LONG,1133.3,61757999.999999985,
2023-11-09,14:15:00,1127.0,Close,None,1127.0,61080999.999999985,6943999.999999987
2023-11-10,09:00:00,1111.2,Open,SHORT,1111.2,61080999.999999985,
2023-11-10,09:35:00,1113.1,Close,None,1113.1,60843999.999999985,6706999.999999987
2023-11-10,13:20:00,1117.0,Open,LONG,1117.0,60843999.999999985,
2023-11-10,14:10:00,1116.0,Close,None,1116.0,60696999.999999985,6559999.999999987
2023-11-10,14:15:00,1109.0,Open,SHORT,1109.0,60696999.999999985,
2023-11-13,09:00:00,1111.9,Close,None,1111.9,60359999.999999985,6222999.999999987
2023-11-13,10:55:00,1114.3,Open,LONG,1114.3,60359999.999999985,
2023-11-13,11:20:00,1111.9,Close,None,1111.9,60072999.999999985,5935999.999999987
2023-11-13,14:20:00,1101.0,Open,SHORT,1101.0,60072999.999999985,
2023-11-13,14:25:00,1104.0,Close,None,1104.0,59725999.999999985,5588999.999999987
2023-11-14,09:10:00,1116.6,Open,LONG,1116.6,59725999.999999985,
2023-11-14,13:05:00,1119.1,Close,None,1119.1,59928999.999999985,5791999.999999987
2023-11-14,13:45:00,1114.3,Open,SHORT,1114.3,59928999.999999985,
2023-11-14,14:20:00,1116.6,Close,None,1116.6,59651999.999999985,5514999.999999987
2023-11-15,09:00:00,1143.5,Open,LONG,1143.5,59651999.999999985,
2023-11-15,09:10:00,1141.3,Close,None,1141.3,59384999.999999985,5247999.999999987
2023-11-15,09:10:00,1141.3,Open,LONG,1141.3,59384999.999999985,
2023-11-15,10:30:00,1147.5,Close,None,1147.5,59957999.999999985,5820999.999999987
2023-11-15,10:30:00,1147.5,Open,LONG,1147.5,59957999.999999985,
2023-11-15,10:45:00,1145.9,Close,None,1145.9,59750999.999999985,5613999.999999987
2023-11-15,14:00:00,1139.4,Open,SHORT,1139.4,59750999.999999985,
2023-11-16,09:50:00,1132.1,Close,None,1132.1,60433999.999999985,6296999.999999987
2023-11-16,10:45:00,1128.5,Open,SHORT,1128.5,60433999.999999985,
2023-11-16,13:35:00,1130.0,Close,None,1130.0,60236999.999999985,6099999.999999987
2023-11-16,14:05:00,1125.2,Open,SHORT,1125.2,60236999.999999985,
2023-11-16,14:30:00,1125.3,Close_Future_Expired,None,1125.3,60179999.99999999,-9999.999999990905
2023-11-17,09:25:00,1139.6,Open,SHORT,1139.6,60179999.99999999,
2023-11-17,10:25:00,1132.6,Close,None,1132.6,60832999.99999999,643000.0000000091
2023-11-17,10:25:00,1132.6,Open,SHORT,1132.6,60832999.99999999,
2023-11-17,13:50:00,1105.9,Close,None,1105.9,63455999.99999999,3266000.0000000093
2023-11-17,13:55:00,1103.2,Open,SHORT,1103.2,63455999.99999999,
2023-11-17,14:00:00,1104.9,Close,None,1104.9,63238999.99999999,3049000.0000000093
2023-11-17,14:00:00,1104.9,Open,SHORT,1104.9,63238999.99999999,
2023-11-17,14:15:00,1109.5,Close,None,1109.5,62731999.99999999,2542000.0000000093
2023-11-20,09:00:00,1085.7,Open,SHORT,1085.7,62731999.99999999,
2023-11-20,09:20:00,1089.9,Close,None,1089.9,62264999.99999999,2075000.0000000093
2023-11-20,13:35:00,1109.0,Open,LONG,1109.0,62264999.99999999,
2023-11-20,13:45:00,1106.8,Close,None,1106.8,61997999.99999999,1808000.0000000093
2023-11-20,13:45:00,1106.8,Open,LONG,1106.8,61997999.99999999,
2023-11-20,14:15:00,1103.2,Close,None,1103.2,61590999.99999999,1401000.0000000093
2023-11-21,09:00:00,1110.0,Open,LONG,1110.0,61590999.99999999,
2023-11-21,09:45:00,1106.4,Close,None,1106.4,61183999.99999999,994000.0000000093
2023-11-21,10:45:00,1108.9,Open,LONG,1108.9,61183999.99999999,
2023-11-21,10:55:00,1107.2,Close,None,1107.2,60966999.99999999,777000.0000000093
2023-11-22,09:00:00,1111.1,Open,LONG,1111.1,60966999.99999999,
2023-11-22,09:15:00,1109.0,Close,None,1109.0,60709999.99999999,520000.0000000093
2023-11-22,09:20:00,1110.7,Open,LONG,1110.7,60709999.99999999,
2023-11-22,09:40:00,1109.2,Close,None,1109.2,60512999.99999999,323000.0000000093
2023-11-22,10:10:00,1113.4,Open,LONG,1113.4,60512999.99999999,
2023-11-22,10:50:00,1111.5,Close,None,1111.5,60275999.99999999,86000.00000000931
2023-11-22,11:25:00,1103.0,Open,SHORT,1103.0,60275999.99999999,
2023-11-22,13:25:00,1104.8,Close,None,1104.8,60048999.99999999,-140999.9999999907
2023-11-22,13:40:00,1101.5,Open,SHORT,1101.5,60048999.99999999,
2023-11-22,14:05:00,1103.9,Close,None,1103.9,59761999.99999999,-427999.9999999907
2023-11-22,14:25:00,1111.0,Open,LONG,1111.0,59761999.99999999,
2023-11-23,10:10:00,1109.0,Close,None,1109.0,59514999.99999999,-674999.9999999907
2023-11-23,13:15:00,1111.4,Open,LONG,1111.4,59514999.99999999,
2023-11-23,13:20:00,1109.6,Close,None,1109.6,59287999.99999999,-901999.9999999907
2023-11-23,13:30:00,1111.2,Open,LONG,1111.2,59287999.99999999,
2023-11-23,13:35:00,1108.2,Close,None,1108.2,58940999.99999999,-1248999.9999999907
2023-11-23,14:00:00,1111.9,Open,LONG,1111.9,58940999.99999999,
2023-11-23,14:05:00,1108.4,Close,None,1108.4,58543999.99999999,-1645999.9999999907
2023-11-23,14:20:00,1099.9,Open,SHORT,1099.9,58543999.99999999,
2023-11-24,11:25:00,1082.6,Close,None,1082.6,60226999.99999999,37000.000000009546
2023-11-24,14:10:00,1068.7,Open,SHORT,1068.7,60226999.99999999,
2023-11-24,14:15:00,1075.5,Close,None,1075.5,59499999.99999999,-689999.9999999905
2023-11-27,11:15:00,1082.3,Open,LONG,1082.3,59499999.99999999,
2023-11-27,13:10:00,1080.5,Close,None,1080.5,59272999.99999999,-916999.9999999905
2023-11-27,13:35:00,1083.0,Open,LONG,1083.0,59272999.99999999,
2023-11-27,14:10:00,1081.0,Close,None,1081.0,59025999.99999999,-1163999.9999999905
2023-11-27,14:20:00,1077.2,Open,SHORT,1077.2,59025999.99999999,
2023-11-28,13:20:00,1075.4,Close,None,1075.4,59158999.99999999,-1030999.9999999905
2023-11-28,13:35:00,1078.7,Open,LONG,1078.7,59158999.99999999,
2023-11-28,13:40:00,1076.7,Close,None,1076.7,58911999.99999999,-1277999.9999999905
2023-11-28,13:40:00,1076.7,Open,LONG,1076.7,58911999.99999999,
2023-11-28,14:15:00,1077.8,Close,None,1077.8,58974999.99999999,-1214999.9999999905
2023-11-28,14:25:00,1090.2,Open,LONG,1090.2,58974999.99999999,
2023-11-29,14:10:00,1094.5,Close,None,1094.5,59357999.99999999,-831999.9999999905
2023-11-29,14:15:00,1096.7,Open,LONG,1096.7,59357999.99999999,
2023-11-29,14:20:00,1094.5,Close,None,1094.5,59090999.99999999,-1098999.9999999905
2023-11-30,09:55:00,1095.8,Open,LONG,1095.8,59090999.99999999,
2023-11-30,11:00:00,1093.8,Close,None,1093.8,58843999.99999999,-1345999.9999999905
2023-11-30,11:25:00,1092.2,Open,SHORT,1092.2,58843999.99999999,
2023-11-30,13:25:00,1093.4,Close,None,1093.4,58676999.99999999,-1512999.9999999905
2023-11-30,13:50:00,1090.1,Open,SHORT,1090.1,58676999.99999999,
2023-11-30,13:55:00,1093.0,Close,None,1093.0,58339999.99999999,-1849999.9999999905
2023-11-30,14:10:00,1088.2,Open,SHORT,1088.2,58339999.99999999,
2023-11-30,14:15:00,1091.5,Close,None,1091.5,57962999.99999999,-2226999.99999999
2023-11-30,14:25:00,1081.3,Open,SHORT,1081.3,57962999.99999999,
2023-12-01,09:05:00,1083.9,Close,None,1083.9,57655999.99999999,-2533999.99999999
2023-12-01,10:45:00,1081.5,Open,SHORT,1081.5,57655999.99999999,
2023-12-01,11:05:00,1083.1,Close,None,1083.1,57448999.99999999,-2740999.99999999
2023-12-01,13:35:00,1079.7,Open,SHORT,1079.7,57448999.99999999,
2023-12-01,13:50:00,1081.6,Close,None,1081.6,57211999.99999999,-2977999.99999999
2023-12-01,14:10:00,1086.6,Open,LONG,1086.6,57211999.99999999,
2023-12-04,10:50:00,1108.8,Close,None,1108.8,59384999.99999999,-804999.9999999902
2023-12-04,10:50:00,1108.8,Open,LONG,1108.8,59384999.99999999,
2023-12-04,11:10:00,1106.1,Close,None,1106.1,59067999.99999999,-1121999.9999999902
2023-12-04,13:05:00,1108.7,Open,LONG,1108.7,59067999.99999999,
2023-12-04,13:20:00,1106.6,Close,None,1106.6,58810999.99999999,-1378999.9999999902
2023-12-04,13:35:00,1109.7,Open,LONG,1109.7,58810999.99999999,
2023-12-04,13:40:00,1104.1,Close,None,1104.1,58203999.99999999,-1985999.9999999902
2023-12-04,14:00:00,1109.5,Open,LONG,1109.5,58203999.99999999,
2023-12-04,14:25:00,1106.9,Close,None,1106.9,57896999.99999999,-2292999.99999999
2023-12-05,10:35:00,1103.6,Open,SHORT,1103.6,57896999.99999999,
2023-12-05,13:50:00,1103.0,Close,None,1103.0,57909999.99999999,-2279999.99999999
2023-12-05,14:00:00,1098.8,Open,SHORT,1098.8,57909999.99999999,
2023-12-06,09:00:00,1102.9,Close,None,1102.9,57452999.99999999,-2736999.99999999
2023-12-06,10:00:00,1104.5,Open,LONG,1104.5,57452999.99999999,
2023-12-06,10:45:00,1106.7,Close,None,1106.7,57625999.99999999,-2563999.99999999
2023-12-06,11:10:00,1106.6,Open,LONG,1106.6,57625999.99999999,
2023-12-06,11:20:00,1105.0,Close,None,1105.0,57418999.99999999,-2770999.99999999
2023-12-06,13:40:00,1103.3,Open,SHORT,1103.3,57418999.99999999,
2023-12-06,13:50:00,1106.7,Close,None,1106.7,57031999.99999999,-3157999.99999999
2023-12-06,13:50:00,1106.7,Open,LONG,1106.7,57031999.99999999,
2023-12-06,14:25:00,1108.3,Close,None,1108.3,57144999.99999999,-3044999.99999999
2023-12-07,09:00:00,1109.3,Open,LONG,1109.3,57144999.99999999,
2023-12-07,09:50:00,1106.5,Close,None,1106.5,56817999.99999999,-3371999.99999999
2023-12-07,10:00:00,1100.5,Open,SHORT,1100.5,56817999.99999999,
2023-12-07,10:05:00,1102.3,Close,None,1102.3,56590999.99999999,-3598999.99999999
2023-12-07,10:05:00,1102.3,Open,SHORT,1102.3,56590999.99999999,
2023-12-07,10:15:00,1104.5,Close,None,1104.5,56323999.99999999,-3865999.99999999
2023-12-07,11:00:00,1100.0,Open,SHORT,1100.0,56323999.99999999,
2023-12-07,13:10:00,1101.5,Close,None,1101.5,56126999.99999999,-4062999.99999999
2023-12-07,14:05:00,1105.8,Open,LONG,1105.8,56126999.99999999,
2023-12-07,14:25:00,1110.5,Close,None,1110.5,56549999.99999999,-3639999.99999999
2023-12-08,09:00:00,1110.8,Open,LONG,1110.8,56549999.99999999,
2023-12-08,13:50:00,1116.3,Close,None,1116.3,57052999.99999999,-3136999.99999999
2023-12-11,13:45:00,1116.2,Open,LONG,1116.2,57052999.99999999,
2023-12-12,10:40:00,1117.3,Close,None,1117.3,57115999.99999999,-3073999.99999999
2023-12-12,10:50:00,1116.3,Open,SHORT,1116.3,57115999.99999999,
2023-12-12,13:20:00,1117.0,Close,None,1117.0,56998999.99999999,-3190999.99999999
2023-12-12,13:45:00,1117.8,Open,LONG,1117.8,56998999.99999999,
2023-12-12,13:55:00,1115.8,Close,None,1115.8,56751999.99999999,-3437999.99999999
2023-12-12,14:25:00,1118.5,Open,LONG,1118.5,56751999.99999999,
2023-12-13,10:35:00,1118.8,Close,None,1118.8,56734999.99999999,-3454999.99999999
2023-12-13,10:45:00,1118.1,Open,SHORT,1118.1,56734999.99999999,
2023-12-13,11:00:00,1119.3,Close,None,1119.3,56567999.99999999,-3621999.99999999
2023-12-13,13:10:00,1116.6,Open,SHORT,1116.6,56567999.99999999,
2023-12-13,13:25:00,1116.0,Close,None,1116.0,56580999.99999999,-3608999.99999999
2023-12-13,13:40:00,1115.2,Open,SHORT,1115.2,56580999.99999999,
2023-12-14,09:00:00,1111.6,Close,None,1111.6,56893999.99999999,-3295999.99999999
2023-12-14,10:15:00,1108.0,Open,SHORT,1108.0,56893999.99999999,
2023-12-14,10:30:00,1109.5,Close,None,1109.5,56696999.99999999,-3492999.99999999
2023-12-14,11:25:00,1112.1,Open,LONG,1112.1,56696999.99999999,
2023-12-14,13:20:00,1110.6,Close,None,1110.6,56499999.99999999,-3689999.99999999
2023-12-14,13:35:00,1112.5,Open,LONG,1112.5,56499999.99999999,
2023-12-14,13:55:00,1109.9,Close,None,1109.9,56192999.99999999,-3996999.99999999
2023-12-14,14:15:00,1106.5,Open,SHORT,1106.5,56192999.99999999,
2023-12-15,10:45:00,1105.3,Close,None,1105.3,56265999.99999999,-3923999.99999999
2023-12-15,11:10:00,1100.5,Open,SHORT,1100.5,56265999.99999999,
2023-12-15,11:25:00,1102.6,Close,None,1102.6,56008999.99999999,-4180999.99999999
2023-12-15,14:00:00,1107.5,Open,LONG,1107.5,56008999.99999999,
2023-12-15,14:05:00,1105.8,Close,None,1105.8,55791999.99999999,-4397999.999999991
2023-12-15,14:25:00,1098.9,Open,SHORT,1098.9,55791999.99999999,
2023-12-18,13:20:00,1091.7,Close,None,1091.7,56464999.99999999,-3724999.9999999907
2023-12-18,14:25:00,1083.1,Open,SHORT,1083.1,56464999.99999999,
2023-12-19,09:35:00,1084.8,Close,None,1084.8,56247999.99999999,-3941999.9999999907
2023-12-19,10:20:00,1082.7,Open,SHORT,1082.7,56247999.99999999,
2023-12-19,14:20:00,1086.1,Close,None,1086.1,55860999.99999999,-4328999.999999991
2023-12-19,14:25:00,1088.3,Open,LONG,1088.3,55860999.99999999,
2023-12-20,13:55:00,1092.5,Close,None,1092.5,56233999.99999999,-3955999.9999999907
2023-12-20,14:00:00,1094.4,Open,LONG,1094.4,56233999.99999999,
2023-12-21,09:05:00,1092.7,Close,None,1092.7,56016999.99999999,-4172999.9999999907
2023-12-21,10:10:00,1089.7,Open,SHORT,1089.7,56016999.99999999,
2023-12-21,10:45:00,1091.2,Close,None,1091.2,55819999.99999999,-4369999.999999991
2023-12-21,13:05:00,1092.4,Open,LONG,1092.4,55819999.99999999,
2023-12-21,13:50:00,1094.9,Close,None,1094.9,56022999.99999999,-4166999.9999999907
2023-12-21,13:50:00,1094.9,Open,LONG,1094.9,56022999.99999999,
2023-12-21,14:00:00,1093.4,Close,None,1093.4,55825999.99999999,-4363999.999999991
2023-12-21,14:20:00,1094.8,Open,LONG,1094.8,55825999.99999999,
2023-12-21,14:30:00,1094.7,Close,None,1094.7,55768999.99999999,-4420999.999999991
