Date,Portfolio Value
2023-01-03,40000000.0
2023-01-03,40000000.0
2023-01-03,40000000.0
2023-01-03,40000000.0
2023-01-03,40000000.0
2023-01-03,40000000.0
2023-01-03,40000000.0
2023-01-03,40000000.0
2023-01-03,40000000.0
2023-01-03,40000000.0
2023-01-03,40000000.0
2023-01-03,40000000.0
2023-01-03,40000000.0
2023-01-03,40000000.0
2023-01-03,40000000.0
2023-01-03,40000000.0
2023-01-03,40000000.0
2023-01-03,40000000.0
2023-01-03,40000000.0
2023-01-03,40000000.0
2023-01-03,40000000.0
2023-01-03,40000000.0
2023-01-03,40000000.0
2023-01-03,40000000.0
2023-01-03,40000000.0
2023-01-03,40000000.0
2023-01-03,40000000.0
2023-01-03,40000000.0
2023-01-03,40000000.0
2023-01-03,40000000.0
2023-01-03,40000000.0
2023-01-03,40000000.0
2023-01-03,40000000.0
2023-01-03,40000000.0
2023-01-03,40000000.0
2023-01-03,40000000.0
2023-01-03,40000000.0
2023-01-03,40000000.0
2023-01-03,40000000.0
2023-01-03,40000000.0
2023-01-03,40000000.0
2023-01-03,40000000.0
2023-01-03,40000000.0
2023-01-03,40000000.0
2023-01-03,40000000.0
2023-01-03,40000000.0
2023-01-03,40000000.0
2023-01-03,40000000.0
2023-01-03,40000000.0
2023-01-04,40000000.0
2023-01-04,40000000.0
2023-01-04,40000000.0
2023-01-04,40000000.0
2023-01-04,40000000.0
2023-01-04,40000000.0
2023-01-04,40000000.0
2023-01-04,40000000.0
2023-01-04,40000000.0
2023-01-04,40000000.0
2023-01-04,40000000.0
2023-01-04,40000000.0
2023-01-04,40000000.0
2023-01-04,40000000.0
2023-01-04,40000000.0
2023-01-04,40000000.0
2023-01-04,40000000.0
2023-01-04,40000000.0
2023-01-04,40000000.0
2023-01-04,40000000.0
2023-01-04,40000000.0
2023-01-04,40000000.0
2023-01-04,40000000.0
2023-01-04,43483000.0
2023-01-04,43483000.0
2023-01-04,43483000.0
2023-01-04,43483000.0
2023-01-04,43483000.0
2023-01-04,43483000.0
2023-01-04,43483000.0
2023-01-04,43483000.0
2023-01-04,43483000.0
2023-01-04,43483000.0
2023-01-04,43483000.0
2023-01-04,43483000.0
2023-01-04,43483000.0
2023-01-04,43483000.0
2023-01-04,43483000.0
2023-01-04,43483000.0
2023-01-04,43483000.0
2023-01-04,43483000.0
2023-01-04,43483000.0
2023-01-04,43483000.0
2023-01-04,43483000.0
2023-01-04,43483000.0
2023-01-04,43483000.0
2023-01-04,43483000.0
2023-01-04,43483000.0
2023-01-04,43483000.0
2023-01-05,43483000.0
2023-01-05,43483000.0
2023-01-05,43483000.0
2023-01-05,43483000.0
2023-01-05,43483000.0
2023-01-05,43483000.0
2023-01-05,43483000.0
2023-01-05,43483000.0
2023-01-05,43483000.0
2023-01-05,43483000.0
2023-01-05,43483000.0
2023-01-05,43483000.0
2023-01-05,43483000.0
2023-01-05,43483000.0
2023-01-05,43483000.0
2023-01-05,43483000.0
2023-01-05,43483000.0
2023-01-05,43483000.0
2023-01-05,43483000.0
2023-01-05,43483000.0
2023-01-05,43483000.0
2023-01-05,43483000.0
2023-01-05,43616000.0
2023-01-05,43616000.0
2023-01-05,43616000.0
2023-01-05,43616000.0
2023-01-05,43616000.0
2023-01-05,43616000.0
2023-01-05,43616000.0
2023-01-05,43616000.0
2023-01-05,43616000.0
2023-01-05,43616000.0
2023-01-05,43616000.0
2023-01-05,43616000.0
2023-01-05,43616000.0
2023-01-05,43616000.0
2023-01-05,43616000.0
2023-01-05,43616000.0
2023-01-05,43616000.0
2023-01-05,43616000.0
2023-01-05,43616000.0
2023-01-05,43616000.0
2023-01-05,43616000.0
2023-01-05,43616000.0
2023-01-05,43616000.0
2023-01-05,43616000.0
2023-01-05,43616000.0
2023-01-05,43616000.0
2023-01-06,43829000.0
2023-01-06,43829000.0
2023-01-06,43829000.0
2023-01-06,43829000.0
2023-01-06,43829000.0
2023-01-06,43829000.0
2023-01-06,43829000.0
2023-01-06,43829000.0
2023-01-06,43829000.0
2023-01-06,43829000.0
2023-01-06,43829000.0
2023-01-06,43829000.0
2023-01-06,43829000.0
2023-01-06,43829000.0
2023-01-06,43829000.0
2023-01-06,43829000.0
2023-01-06,43829000.0
2023-01-06,43829000.0
2023-01-06,43829000.0
2023-01-06,43829000.0
2023-01-06,43829000.0
2023-01-06,43829000.0
2023-01-06,43829000.0
2023-01-06,43829000.0
2023-01-06,43829000.0
2023-01-06,43829000.0
2023-01-06,43829000.0
2023-01-06,43829000.0
2023-01-06,43829000.0
2023-01-06,43829000.0
2023-01-06,43829000.0
2023-01-06,43829000.0
2023-01-06,43829000.0
2023-01-06,43829000.0
2023-01-06,44352000.0
2023-01-06,44352000.0
2023-01-06,44352000.0
2023-01-06,44352000.0
2023-01-06,44352000.0
2023-01-06,44352000.0
2023-01-06,44352000.0
2023-01-06,44352000.0
2023-01-06,44352000.0
2023-01-06,44352000.0
2023-01-06,44352000.0
2023-01-06,44352000.0
2023-01-06,44352000.0
2023-01-06,44352000.0
2023-01-06,44352000.0
2023-01-09,43955000.0
2023-01-09,43955000.0
2023-01-09,43955000.0
2023-01-09,43955000.0
2023-01-09,43955000.0
2023-01-09,43955000.0
2023-01-09,43955000.0
2023-01-09,43955000.0
2023-01-09,43955000.0
2023-01-09,43678000.0
2023-01-09,43678000.0
2023-01-09,43678000.0
2023-01-09,43678000.0
2023-01-09,43678000.0
2023-01-09,43678000.0
2023-01-09,43678000.0
2023-01-09,43678000.0
2023-01-09,43678000.0
2023-01-09,43678000.0
2023-01-09,43678000.0
2023-01-09,43331000.0
2023-01-09,43331000.0
2023-01-09,43331000.0
2023-01-09,43331000.0
2023-01-09,43331000.0
2023-01-09,43331000.0
2023-01-09,43331000.0
2023-01-09,43331000.0
2023-01-09,43331000.0
2023-01-09,43331000.0
2023-01-09,43331000.0
2023-01-09,43331000.0
2023-01-09,43331000.0
2023-01-09,43331000.0
2023-01-09,43331000.0
2023-01-09,43331000.0
2023-01-09,43331000.0
2023-01-09,43331000.0
2023-01-09,43331000.0
2023-01-09,43331000.0
2023-01-09,43331000.0
2023-01-09,43331000.0
2023-01-09,43331000.0
2023-01-09,43054000.0
2023-01-09,43054000.0
2023-01-09,43054000.0
2023-01-09,43054000.0
2023-01-09,43054000.0
2023-01-10,42597000.0
2023-01-10,42597000.0
2023-01-10,42597000.0
2023-01-10,42597000.0
2023-01-10,42597000.0
2023-01-10,42597000.0
2023-01-10,42597000.0
2023-01-10,42597000.0
2023-01-10,42597000.0
2023-01-10,42597000.0
2023-01-10,42597000.0
2023-01-10,42597000.0
2023-01-10,42597000.0
2023-01-10,42597000.0
2023-01-10,42597000.0
2023-01-10,42597000.0
2023-01-10,42597000.0
2023-01-10,42597000.0
2023-01-10,42597000.0
2023-01-10,42597000.0
2023-01-10,42597000.0
2023-01-10,42597000.0
2023-01-10,42597000.0
2023-01-10,42597000.0
2023-01-10,42597000.0
2023-01-10,42597000.0
2023-01-10,42597000.0
2023-01-10,42597000.0
2023-01-10,42597000.0
2023-01-10,42597000.0
2023-01-10,42597000.0
2023-01-10,42600000.0
2023-01-10,42600000.0
2023-01-10,42600000.0
2023-01-10,42600000.0
2023-01-10,42600000.0
2023-01-10,42600000.0
2023-01-10,42600000.0
2023-01-10,42600000.0
2023-01-10,42600000.0
2023-01-10,42600000.0
2023-01-10,42600000.0
2023-01-10,42103000.0
2023-01-10,42103000.0
2023-01-10,42103000.0
2023-01-10,42103000.0
2023-01-10,41766000.0
2023-01-10,41766000.0
2023-01-11,41766000.0
2023-01-11,41766000.0
2023-01-11,41766000.0
2023-01-11,41766000.0
2023-01-11,41766000.0
2023-01-11,41766000.0
2023-01-11,41766000.0
2023-01-11,41766000.0
2023-01-11,41766000.0
2023-01-11,41766000.0
2023-01-11,41766000.0
2023-01-11,41766000.0
2023-01-11,41766000.0
2023-01-11,41766000.0
2023-01-11,41766000.0
2023-01-11,41766000.0
2023-01-11,41766000.0
2023-01-11,41766000.0
2023-01-11,41766000.0
2023-01-11,41766000.0
2023-01-11,41766000.0
2023-01-11,41766000.0
2023-01-11,41766000.0
2023-01-11,41766000.0
2023-01-11,41766000.0
2023-01-11,41766000.0
2023-01-11,41766000.0
2023-01-11,41766000.0
2023-01-11,41766000.0
2023-01-11,41766000.0
2023-01-11,41766000.0
2023-01-11,41766000.0
2023-01-11,41766000.0
2023-01-11,41766000.0
2023-01-11,42379000.0
2023-01-11,42379000.0
2023-01-11,42379000.0
2023-01-11,42379000.0
2023-01-11,42379000.0
2023-01-11,42379000.0
2023-01-11,42379000.0
2023-01-11,42379000.0
2023-01-11,42379000.0
2023-01-11,42379000.0
2023-01-11,42379000.0
2023-01-11,42379000.0
2023-01-11,42379000.0
2023-01-11,42379000.0
2023-01-11,42379000.0
2023-01-12,42379000.0
2023-01-12,42379000.0
2023-01-12,42379000.0
2023-01-12,42379000.0
2023-01-12,42379000.0
2023-01-12,42379000.0
2023-01-12,42379000.0
2023-01-12,42379000.0
2023-01-12,42379000.0
2023-01-12,42379000.0
2023-01-12,42379000.0
2023-01-12,42379000.0
2023-01-12,42379000.0
2023-01-12,42252000.0
2023-01-12,42252000.0
2023-01-12,42252000.0
2023-01-12,42252000.0
2023-01-12,42252000.0
2023-01-12,42252000.0
2023-01-12,42252000.0
2023-01-12,42252000.0
2023-01-12,42252000.0
2023-01-12,42252000.0
2023-01-12,42252000.0
2023-01-12,42252000.0
2023-01-12,42252000.0
2023-01-12,42252000.0
2023-01-12,42252000.0
2023-01-12,42252000.0
2023-01-12,42252000.0
2023-01-12,42252000.0
2023-01-12,42252000.0
2023-01-12,42252000.0
2023-01-12,42252000.0
2023-01-12,42252000.0
2023-01-12,42252000.0
2023-01-12,42252000.0
2023-01-12,42252000.0
2023-01-12,42252000.0
2023-01-12,42252000.0
2023-01-12,42675000.0
2023-01-12,42675000.0
2023-01-12,42675000.0
2023-01-12,42675000.0
2023-01-12,42675000.0
2023-01-12,42675000.0
2023-01-12,42675000.0
2023-01-12,42675000.0
2023-01-13,42675000.0
2023-01-13,42675000.0
2023-01-13,42675000.0
2023-01-13,42675000.0
2023-01-13,42675000.0
2023-01-13,42675000.0
2023-01-13,42675000.0
2023-01-13,42675000.0
2023-01-13,42675000.0
2023-01-13,42675000.0
2023-01-13,42675000.0
2023-01-13,42675000.0
2023-01-13,42675000.0
2023-01-13,42675000.0
2023-01-13,42675000.0
2023-01-13,42675000.0
2023-01-13,42675000.0
2023-01-13,42675000.0
2023-01-13,42675000.0
2023-01-13,42675000.0
2023-01-13,42675000.0
2023-01-13,42675000.0
2023-01-13,42675000.0
2023-01-13,42675000.0
2023-01-13,42675000.0
2023-01-13,42675000.0
2023-01-13,42675000.0
2023-01-13,42458000.0
2023-01-13,42458000.0
2023-01-13,42458000.0
2023-01-13,42458000.0
2023-01-13,42458000.0
2023-01-13,42458000.0
2023-01-13,42458000.0
2023-01-13,42458000.0
2023-01-13,42458000.0
2023-01-13,42458000.0
2023-01-13,42211000.0
2023-01-13,42211000.0
2023-01-13,42211000.0
2023-01-13,42211000.0
2023-01-13,42211000.0
2023-01-13,42211000.0
2023-01-13,42211000.0
2023-01-13,42211000.0
2023-01-13,42211000.0
2023-01-13,42211000.0
2023-01-13,42211000.0
2023-01-16,41554000.0
2023-01-16,41554000.0
2023-01-16,41554000.0
2023-01-16,41554000.0
2023-01-16,41554000.0
2023-01-16,41554000.0
2023-01-16,41554000.0
2023-01-16,41554000.0
2023-01-16,41554000.0
2023-01-16,41554000.0
2023-01-16,41217000.0
2023-01-16,41217000.0
2023-01-16,41217000.0
2023-01-16,41217000.0
2023-01-16,41217000.0
2023-01-16,41217000.0
2023-01-16,41217000.0
2023-01-16,41217000.0
2023-01-16,41217000.0
2023-01-16,41217000.0
2023-01-16,41217000.0
2023-01-16,41217000.0
2023-01-16,41217000.0
2023-01-16,40930000.0
2023-01-16,40930000.0
2023-01-16,40930000.0
2023-01-16,40930000.0
2023-01-16,40930000.0
2023-01-16,40930000.0
2023-01-16,40930000.0
2023-01-16,40930000.0
2023-01-16,40930000.0
2023-01-16,40930000.0
2023-01-16,40930000.0
2023-01-16,40930000.0
2023-01-16,40930000.0
2023-01-16,40930000.0
2023-01-16,40930000.0
2023-01-16,40930000.0
2023-01-16,40930000.0
2023-01-16,40930000.0
2023-01-16,40930000.0
2023-01-16,40930000.0
2023-01-16,40930000.0
2023-01-16,40930000.0
2023-01-16,40930000.0
2023-01-16,40930000.0
2023-01-16,40930000.0
2023-01-16,40930000.0
2023-01-17,40930000.0
2023-01-17,40930000.0
2023-01-17,40930000.0
2023-01-17,40930000.0
2023-01-17,40930000.0
2023-01-17,40930000.0
2023-01-17,40930000.0
2023-01-17,40930000.0
2023-01-17,40930000.0
2023-01-17,40930000.0
2023-01-17,40930000.0
2023-01-17,40930000.0
2023-01-17,40930000.0
2023-01-17,40930000.0
2023-01-17,40930000.0
2023-01-17,40930000.0
2023-01-17,40930000.0
2023-01-17,40930000.0
2023-01-17,40930000.0
2023-01-17,40930000.0
2023-01-17,40930000.0
2023-01-17,40930000.0
2023-01-17,40930000.0
2023-01-17,40930000.0
2023-01-17,40930000.0
2023-01-17,40930000.0
2023-01-17,40930000.0
2023-01-17,40930000.0
2023-01-17,40930000.0
2023-01-17,40930000.0
2023-01-17,40930000.0
2023-01-17,40930000.0
2023-01-17,40930000.0
2023-01-17,40930000.0
2023-01-17,40930000.0
2023-01-17,40930000.0
2023-01-17,40930000.0
2023-01-17,40930000.0
2023-01-17,40930000.0
2023-01-17,43013000.0
2023-01-17,43013000.0
2023-01-17,43013000.0
2023-01-17,43013000.0
2023-01-17,43013000.0
2023-01-17,43013000.0
2023-01-17,43013000.0
2023-01-17,43013000.0
2023-01-17,43013000.0
2023-01-17,43013000.0
2023-01-18,43013000.0
2023-01-18,43013000.0
2023-01-18,43013000.0
2023-01-18,43013000.0
2023-01-18,43013000.0
2023-01-18,43013000.0
2023-01-18,43013000.0
2023-01-18,43013000.0
2023-01-18,43013000.0
2023-01-18,43013000.0
2023-01-18,43013000.0
2023-01-18,43013000.0
2023-01-18,43013000.0
2023-01-18,43013000.0
2023-01-18,43013000.0
2023-01-18,43013000.0
2023-01-18,43013000.0
2023-01-18,43013000.0
2023-01-18,43013000.0
2023-01-18,43013000.0
2023-01-18,43013000.0
2023-01-18,43013000.0
2023-01-18,43013000.0
2023-01-18,43013000.0
2023-01-18,43013000.0
2023-01-18,43013000.0
2023-01-18,43013000.0
2023-01-18,43013000.0
2023-01-18,43013000.0
2023-01-18,43013000.0
2023-01-18,44306000.0
2023-01-18,44306000.0
2023-01-18,44306000.0
2023-01-18,44306000.0
2023-01-18,44306000.0
2023-01-18,44306000.0
2023-01-18,44306000.0
2023-01-18,44306000.0
2023-01-18,44306000.0
2023-01-18,44306000.0
2023-01-18,44306000.0
2023-01-18,44306000.0
2023-01-18,44306000.0
2023-01-18,44019000.0
2023-01-18,44019000.0
2023-01-18,44019000.0
2023-01-18,44019000.0
2023-01-18,44019000.0
2023-01-19,43482000.0
2023-01-19,43482000.0
2023-01-19,43482000.0
2023-01-19,43482000.0
2023-01-19,43482000.0
2023-01-19,43482000.0
2023-01-19,43482000.0
2023-01-19,43482000.0
2023-01-19,43482000.0
2023-01-19,43482000.0
2023-01-19,43482000.0
2023-01-19,43482000.0
2023-01-19,43482000.0
2023-01-19,43482000.0
2023-01-19,43482000.0
2023-01-19,43482000.0
2023-01-19,43482000.0
2023-01-19,43482000.0
2023-01-19,43482000.0
2023-01-19,43482000.0
2023-01-19,43482000.0
2023-01-19,43482000.0
2023-01-19,43482000.0
2023-01-19,43165000.0
2023-01-19,43165000.0
2023-01-19,43165000.0
2023-01-19,43165000.0
2023-01-19,43165000.0
2023-01-19,43165000.0
2023-01-19,43165000.0
2023-01-19,43165000.0
2023-01-19,43165000.0
2023-01-19,43165000.0
2023-01-19,43165000.0
2023-01-19,43165000.0
2023-01-19,43165000.0
2023-01-19,43165000.0
2023-01-19,43165000.0
2023-01-19,43165000.0
2023-01-19,43165000.0
2023-01-19,42858000.0
2023-01-19,42858000.0
2023-01-19,42858000.0
2023-01-19,42858000.0
2023-01-19,42858000.0
2023-01-19,42858000.0
2023-01-19,42858000.0
2023-01-19,42858000.0
2023-01-27,44761000.0
2023-01-27,44761000.0
2023-01-27,44761000.0
2023-01-27,44761000.0
2023-01-27,44761000.0
2023-01-27,44761000.0
2023-01-27,44761000.0
2023-01-27,44761000.0
2023-01-27,44761000.0
2023-01-27,44761000.0
2023-01-27,44761000.0
2023-01-27,44761000.0
2023-01-27,44761000.0
2023-01-27,44761000.0
2023-01-27,44761000.0
2023-01-27,44761000.0
2023-01-27,44761000.0
2023-01-27,44761000.0
2023-01-27,44761000.0
2023-01-27,44761000.0
2023-01-27,44761000.0
2023-01-27,44474000.0
2023-01-27,44474000.0
2023-01-27,44474000.0
2023-01-27,44474000.0
2023-01-27,44474000.0
2023-01-27,44474000.0
2023-01-27,44474000.0
2023-01-27,44474000.0
2023-01-27,44474000.0
2023-01-27,44474000.0
2023-01-27,44474000.0
2023-01-27,44474000.0
2023-01-27,44474000.0
2023-01-27,44474000.0
2023-01-27,44474000.0
2023-01-27,44474000.0
2023-01-27,44474000.0
2023-01-27,44474000.0
2023-01-27,44474000.0
2023-01-27,44474000.0
2023-01-27,44474000.0
2023-01-27,44474000.0
2023-01-27,44474000.0
2023-01-27,44474000.0
2023-01-27,44474000.0
2023-01-27,44474000.0
2023-01-27,44474000.0
2023-01-30,44474000.0
2023-01-30,44474000.0
2023-01-30,44474000.0
2023-01-30,44474000.0
2023-01-30,44474000.0
2023-01-30,44474000.0
2023-01-30,44474000.0
2023-01-30,44474000.0
2023-01-30,44474000.0
2023-01-30,44474000.0
2023-01-30,44474000.0
2023-01-30,45597000.0
2023-01-30,45597000.0
2023-01-30,45597000.0
2023-01-30,45597000.0
2023-01-30,45597000.0
2023-01-30,45597000.0
2023-01-30,45597000.0
2023-01-30,45597000.0
2023-01-30,45597000.0
2023-01-30,45597000.0
2023-01-30,45597000.0
2023-01-30,45597000.0
2023-01-30,45597000.0
2023-01-30,45597000.0
2023-01-30,45597000.0
2023-01-30,45597000.0
2023-01-30,45597000.0
2023-01-30,45597000.0
2023-01-30,45597000.0
2023-01-30,45597000.0
2023-01-30,45597000.0
2023-01-30,45597000.0
2023-01-30,45260000.0
2023-01-30,45260000.0
2023-01-30,45260000.0
2023-01-30,45260000.0
2023-01-30,45260000.0
2023-01-30,45260000.0
2023-01-30,45260000.0
2023-01-30,45260000.0
2023-01-30,44983000.0
2023-01-30,44983000.0
2023-01-30,44983000.0
2023-01-30,44983000.0
2023-01-30,44983000.0
2023-01-30,44983000.0
2023-01-30,44983000.0
2023-01-30,44983000.0
2023-01-31,44983000.0
2023-01-31,44983000.0
2023-01-31,44983000.0
2023-01-31,44983000.0
2023-01-31,44983000.0
2023-01-31,44983000.0
2023-01-31,44983000.0
2023-01-31,44983000.0
2023-01-31,44983000.0
2023-01-31,44983000.0
2023-01-31,44983000.0
2023-01-31,44983000.0
2023-01-31,44983000.0
2023-01-31,44983000.0
2023-01-31,44983000.0
2023-01-31,44983000.0
2023-01-31,44983000.0
2023-01-31,44983000.0
2023-01-31,44983000.0
2023-01-31,44983000.0
2023-01-31,44983000.0
2023-01-31,44983000.0
2023-01-31,44983000.0
2023-01-31,44983000.0
2023-01-31,44983000.0
2023-01-31,44983000.0
2023-01-31,44983000.0
2023-01-31,44983000.0
2023-01-31,44983000.0
2023-01-31,44983000.0
2023-01-31,44983000.0
2023-01-31,44983000.0
2023-01-31,46786000.0
2023-01-31,46786000.0
2023-01-31,46786000.0
2023-01-31,46786000.0
2023-01-31,46786000.0
2023-01-31,46786000.0
2023-01-31,46786000.0
2023-01-31,46786000.0
2023-01-31,46786000.0
2023-01-31,46786000.0
2023-01-31,46786000.0
2023-01-31,46786000.0
2023-01-31,46786000.0
2023-01-31,46786000.0
2023-01-31,46786000.0
2023-01-31,46786000.0
2023-01-31,46786000.0
2023-02-01,46786000.0
2023-02-01,46786000.0
2023-02-01,46786000.0
2023-02-01,46786000.0
2023-02-01,46786000.0
2023-02-01,46786000.0
2023-02-01,46786000.0
2023-02-01,46786000.0
2023-02-01,46786000.0
2023-02-01,48169000.0
2023-02-01,48169000.0
2023-02-01,48169000.0
2023-02-01,48169000.0
2023-02-01,48169000.0
2023-02-01,48169000.0
2023-02-01,48169000.0
2023-02-01,48169000.0
2023-02-01,48169000.0
2023-02-01,48169000.0
2023-02-01,48169000.0
2023-02-01,48169000.0
2023-02-01,48169000.0
2023-02-01,48169000.0
2023-02-01,48169000.0
2023-02-01,48169000.0
2023-02-01,48169000.0
2023-02-01,48169000.0
2023-02-01,48169000.0
2023-02-01,48169000.0
2023-02-01,48169000.0
2023-02-01,48169000.0
2023-02-01,48169000.0
2023-02-01,48169000.0
2023-02-01,48169000.0
2023-02-01,48169000.0
2023-02-01,47852000.0
2023-02-01,47852000.0
2023-02-01,47852000.0
2023-02-01,47852000.0
2023-02-01,47852000.0
2023-02-01,47125000.0
2023-02-01,47125000.0
2023-02-01,47125000.0
2023-02-01,47125000.0
2023-02-01,47125000.0
2023-02-01,47125000.0
2023-02-01,47125000.0
2023-02-01,47125000.0
2023-02-02,47125000.0
2023-02-02,47125000.0
2023-02-02,47125000.0
2023-02-02,47125000.0
2023-02-02,47125000.0
2023-02-02,47125000.0
2023-02-02,47125000.0
2023-02-02,47125000.0
2023-02-02,47125000.0
2023-02-02,47125000.0
2023-02-02,47125000.0
2023-02-02,47125000.0
2023-02-02,47125000.0
2023-02-02,47125000.0
2023-02-02,47125000.0
2023-02-02,47125000.0
2023-02-02,47125000.0
2023-02-02,47125000.0
2023-02-02,47125000.0
2023-02-02,47125000.0
2023-02-02,47125000.0
2023-02-02,47125000.0
2023-02-02,47125000.0
2023-02-02,47125000.0
2023-02-02,47125000.0
2023-02-02,47125000.0
2023-02-02,46838000.0
2023-02-02,46838000.0
2023-02-02,46838000.0
2023-02-02,46838000.0
2023-02-02,46838000.0
2023-02-02,46838000.0
2023-02-02,46838000.0
2023-02-02,46838000.0
2023-02-02,46838000.0
2023-02-02,46838000.0
2023-02-02,46838000.0
2023-02-02,46838000.0
2023-02-02,46838000.0
2023-02-02,46838000.0
2023-02-02,46838000.0
2023-02-02,46838000.0
2023-02-02,46838000.0
2023-02-02,46838000.0
2023-02-02,46838000.0
2023-02-02,46838000.0
2023-02-02,46838000.0
2023-02-02,46838000.0
2023-02-03,46838000.0
2023-02-03,46838000.0
2023-02-03,46838000.0
2023-02-03,46838000.0
2023-02-03,46838000.0
2023-02-03,46838000.0
2023-02-03,46838000.0
2023-02-03,46838000.0
2023-02-03,46838000.0
2023-02-03,46838000.0
2023-02-03,46838000.0
2023-02-03,46838000.0
2023-02-03,46838000.0
2023-02-03,46838000.0
2023-02-03,46838000.0
2023-02-03,46838000.0
2023-02-03,46838000.0
2023-02-03,46838000.0
2023-02-03,46781000.0
2023-02-03,46781000.0
2023-02-03,46781000.0
2023-02-03,46781000.0
2023-02-03,46781000.0
2023-02-03,46781000.0
2023-02-03,46781000.0
2023-02-03,46781000.0
2023-02-03,46781000.0
2023-02-03,46781000.0
2023-02-03,46781000.0
2023-02-03,46781000.0
2023-02-03,46604000.0
2023-02-03,46604000.0
2023-02-03,46604000.0
2023-02-03,46604000.0
2023-02-03,46604000.0
2023-02-03,46604000.0
2023-02-03,46604000.0
2023-02-03,46604000.0
2023-02-03,46604000.0
2023-02-03,46604000.0
2023-02-03,46604000.0
2023-02-03,46604000.0
2023-02-03,46604000.0
2023-02-03,46604000.0
2023-02-03,46604000.0
2023-02-03,46604000.0
2023-02-03,46604000.0
2023-02-03,46604000.0
2023-02-06,46604000.0
2023-02-06,46604000.0
2023-02-06,46604000.0
2023-02-06,46604000.0
2023-02-06,46604000.0
2023-02-06,46604000.0
2023-02-06,46604000.0
2023-02-06,46604000.0
2023-02-06,46604000.0
2023-02-06,46604000.0
2023-02-06,46604000.0
2023-02-06,46604000.0
2023-02-06,46604000.0
2023-02-06,46604000.0
2023-02-06,46604000.0
2023-02-06,46604000.0
2023-02-06,46604000.0
2023-02-06,46604000.0
2023-02-06,46604000.0
2023-02-06,46604000.0
2023-02-06,46604000.0
2023-02-06,46604000.0
2023-02-06,47517000.0
2023-02-06,47517000.0
2023-02-06,47517000.0
2023-02-06,47517000.0
2023-02-06,47517000.0
2023-02-06,47517000.0
2023-02-06,47517000.0
2023-02-06,47517000.0
2023-02-06,47517000.0
2023-02-06,47517000.0
2023-02-06,47517000.0
2023-02-06,47517000.0
2023-02-06,47517000.0
2023-02-06,47517000.0
2023-02-06,47517000.0
2023-02-06,47280000.0
2023-02-06,47280000.0
2023-02-06,47280000.0
2023-02-06,47280000.0
2023-02-06,47280000.0
2023-02-06,47280000.0
2023-02-06,47280000.0
2023-02-06,47280000.0
2023-02-06,47280000.0
2023-02-06,47280000.0
2023-02-06,47280000.0
2023-02-06,47280000.0
2023-02-07,47280000.0
2023-02-07,47280000.0
2023-02-07,47280000.0
2023-02-07,47280000.0
2023-02-07,47280000.0
2023-02-07,47033000.0
2023-02-07,47033000.0
2023-02-07,47033000.0
2023-02-07,47033000.0
2023-02-07,47033000.0
2023-02-07,47033000.0
2023-02-07,47033000.0
2023-02-07,47033000.0
2023-02-07,47033000.0
2023-02-07,47033000.0
2023-02-07,47033000.0
2023-02-07,47033000.0
2023-02-07,47033000.0
2023-02-07,46786000.0
2023-02-07,46786000.0
2023-02-07,46786000.0
2023-02-07,46786000.0
2023-02-07,46786000.0
2023-02-07,46786000.0
2023-02-07,46786000.0
2023-02-07,46786000.0
2023-02-07,46786000.0
2023-02-07,46786000.0
2023-02-07,46786000.0
2023-02-07,46786000.0
2023-02-07,46786000.0
2023-02-07,46786000.0
2023-02-07,46786000.0
2023-02-07,46786000.0
2023-02-07,46786000.0
2023-02-07,46786000.0
2023-02-07,46786000.0
2023-02-07,46786000.0
2023-02-07,46786000.0
2023-02-07,46786000.0
2023-02-07,46786000.0
2023-02-07,47409000.0
2023-02-07,47409000.0
2023-02-07,47409000.0
2023-02-07,47409000.0
2023-02-07,47409000.0
2023-02-07,47409000.0
2023-02-07,47409000.0
2023-02-07,47409000.0
2023-02-08,47409000.0
2023-02-08,47409000.0
2023-02-08,47409000.0
2023-02-08,47409000.0
2023-02-08,47409000.0
2023-02-08,47409000.0
2023-02-08,47409000.0
2023-02-08,47409000.0
2023-02-08,47409000.0
2023-02-08,47409000.0
2023-02-08,47409000.0
2023-02-08,47409000.0
2023-02-08,47409000.0
2023-02-08,47409000.0
2023-02-08,47409000.0
2023-02-08,47409000.0
2023-02-08,47409000.0
2023-02-08,47409000.0
2023-02-08,47409000.0
2023-02-08,47409000.0
2023-02-08,47409000.0
2023-02-08,47409000.0
2023-02-08,47409000.0
2023-02-08,47409000.0
2023-02-08,47409000.0
2023-02-08,47409000.0
2023-02-08,47409000.0
2023-02-08,47409000.0
2023-02-08,47409000.0
2023-02-08,47409000.0
2023-02-08,47409000.0
2023-02-08,47409000.0
2023-02-08,47409000.0
2023-02-08,47409000.0
2023-02-08,47409000.0
2023-02-08,47409000.0
2023-02-08,47142000.0
2023-02-08,47142000.0
2023-02-08,47142000.0
2023-02-08,47142000.0
2023-02-08,47142000.0
2023-02-08,47142000.0
2023-02-08,47142000.0
2023-02-08,47142000.0
2023-02-08,47142000.0
2023-02-08,47142000.0
2023-02-08,46605000.0
2023-02-08,46605000.0
2023-02-09,46605000.0
2023-02-09,46605000.0
2023-02-09,46605000.0
2023-02-09,46605000.0
2023-02-09,46605000.0
2023-02-09,46605000.0
2023-02-09,46605000.0
2023-02-09,46605000.0
2023-02-09,46605000.0
2023-02-09,46605000.0
2023-02-09,46605000.0
2023-02-09,46605000.0
2023-02-09,46605000.0
2023-02-09,46605000.0
2023-02-09,46605000.0
2023-02-09,46448000.0
2023-02-09,46448000.0
2023-02-09,46448000.0
2023-02-09,46448000.0
2023-02-09,46448000.0
2023-02-09,46448000.0
2023-02-09,46448000.0
2023-02-09,46448000.0
2023-02-09,46448000.0
2023-02-09,46448000.0
2023-02-09,46448000.0
2023-02-09,46448000.0
2023-02-09,46448000.0
2023-02-09,46448000.0
2023-02-09,46448000.0
2023-02-09,46201000.0
2023-02-09,46201000.0
2023-02-09,46201000.0
2023-02-09,46201000.0
2023-02-09,46201000.0
2023-02-09,46201000.0
2023-02-09,46201000.0
2023-02-09,46201000.0
2023-02-09,46201000.0
2023-02-09,46201000.0
2023-02-09,46201000.0
2023-02-09,46201000.0
2023-02-09,46201000.0
2023-02-09,46201000.0
2023-02-09,45874000.0
2023-02-09,45874000.0
2023-02-09,45874000.0
2023-02-09,45874000.0
2023-02-09,45874000.0
2023-02-10,45874000.0
2023-02-10,45874000.0
2023-02-10,45874000.0
2023-02-10,45874000.0
2023-02-10,45874000.0
2023-02-10,45874000.0
2023-02-10,45874000.0
2023-02-10,45874000.0
2023-02-10,45874000.0
2023-02-10,45874000.0
2023-02-10,45874000.0
2023-02-10,45874000.0
2023-02-10,45874000.0
2023-02-10,45874000.0
2023-02-10,45874000.0
2023-02-10,45874000.0
2023-02-10,45874000.0
2023-02-10,45874000.0
2023-02-10,45874000.0
2023-02-10,45874000.0
2023-02-10,45874000.0
2023-02-10,45874000.0
2023-02-10,45874000.0
2023-02-10,45874000.0
2023-02-10,45874000.0
2023-02-10,45874000.0
2023-02-10,45874000.0
2023-02-10,45874000.0
2023-02-10,45874000.0
2023-02-10,45874000.0
2023-02-10,45874000.0
2023-02-10,45874000.0
2023-02-10,45874000.0
2023-02-10,45874000.0
2023-02-10,45874000.0
2023-02-10,45874000.0
2023-02-10,45874000.0
2023-02-10,45874000.0
2023-02-10,45874000.0
2023-02-10,45874000.0
2023-02-10,45874000.0
2023-02-10,45874000.0
2023-02-10,45874000.0
2023-02-10,45874000.0
2023-02-10,45874000.0
2023-02-10,45874000.0
2023-02-10,45874000.0
2023-02-10,45874000.0
2023-02-10,45874000.0
2023-02-13,45874000.0
2023-02-13,45874000.0
2023-02-13,45874000.0
2023-02-13,45874000.0
2023-02-13,45874000.0
2023-02-13,45874000.0
2023-02-13,45874000.0
2023-02-13,45874000.0
2023-02-13,45874000.0
2023-02-13,45874000.0
2023-02-13,45874000.0
2023-02-13,45874000.0
2023-02-13,45874000.0
2023-02-13,45874000.0
2023-02-13,45874000.0
2023-02-13,45874000.0
2023-02-13,45874000.0
2023-02-13,45874000.0
2023-02-13,45874000.0
2023-02-13,45874000.0
2023-02-13,45874000.0
2023-02-13,45874000.0
2023-02-13,45874000.0
2023-02-13,45874000.0
2023-02-13,45874000.0
2023-02-13,45874000.0
2023-02-13,45874000.0
2023-02-13,45874000.0
2023-02-13,45874000.0
2023-02-13,45874000.0
2023-02-13,45874000.0
2023-02-13,45874000.0
2023-02-13,45874000.0
2023-02-13,45874000.0
2023-02-13,45874000.0
2023-02-13,45874000.0
2023-02-13,45874000.0
2023-02-13,45874000.0
2023-02-13,45874000.0
2023-02-13,45874000.0
2023-02-13,45874000.0
2023-02-13,45874000.0
2023-02-13,45874000.0
2023-02-13,45874000.0
2023-02-13,45874000.0
2023-02-13,48117000.0
2023-02-13,48117000.0
2023-02-13,48117000.0
2023-02-13,48117000.0
2023-02-14,48117000.0
2023-02-14,48117000.0
2023-02-14,48117000.0
2023-02-14,48117000.0
2023-02-14,48117000.0
2023-02-14,48117000.0
2023-02-14,48117000.0
2023-02-14,48117000.0
2023-02-14,48117000.0
2023-02-14,47890000.0
2023-02-14,47890000.0
2023-02-14,47890000.0
2023-02-14,47890000.0
2023-02-14,47890000.0
2023-02-14,47890000.0
2023-02-14,47890000.0
2023-02-14,47633000.0
2023-02-14,47633000.0
2023-02-14,47633000.0
2023-02-14,47633000.0
2023-02-14,47633000.0
2023-02-14,47633000.0
2023-02-14,47633000.0
2023-02-14,47633000.0
2023-02-14,47633000.0
2023-02-14,47633000.0
2023-02-14,47633000.0
2023-02-14,47633000.0
2023-02-14,47633000.0
2023-02-14,47633000.0
2023-02-14,47633000.0
2023-02-14,47633000.0
2023-02-14,47633000.0
2023-02-14,47633000.0
2023-02-14,47633000.0
2023-02-14,47633000.0
2023-02-14,47633000.0
2023-02-14,47356000.0
2023-02-14,47356000.0
2023-02-14,47356000.0
2023-02-14,47356000.0
2023-02-14,47356000.0
2023-02-14,47356000.0
2023-02-14,47356000.0
2023-02-14,47356000.0
2023-02-14,47356000.0
2023-02-14,47356000.0
2023-02-14,47356000.0
2023-02-14,47356000.0
2023-02-15,47356000.0
2023-02-15,47356000.0
2023-02-15,47356000.0
2023-02-15,47356000.0
2023-02-15,47356000.0
2023-02-15,47356000.0
2023-02-15,47356000.0
2023-02-15,47356000.0
2023-02-15,47219000.0
2023-02-15,47219000.0
2023-02-15,47219000.0
2023-02-15,47219000.0
2023-02-15,47219000.0
2023-02-15,47219000.0
2023-02-15,47219000.0
2023-02-15,47732000.0
2023-02-15,47732000.0
2023-02-15,47732000.0
2023-02-15,47732000.0
2023-02-15,47732000.0
2023-02-15,47465000.0
2023-02-15,47465000.0
2023-02-15,47465000.0
2023-02-15,47465000.0
2023-02-15,47465000.0
2023-02-15,47465000.0
2023-02-15,47465000.0
2023-02-15,47465000.0
2023-02-15,47465000.0
2023-02-15,47465000.0
2023-02-15,47465000.0
2023-02-15,47465000.0
2023-02-15,47465000.0
2023-02-15,47465000.0
2023-02-15,47465000.0
2023-02-15,47465000.0
2023-02-15,47465000.0
2023-02-15,47465000.0
2023-02-15,47465000.0
2023-02-15,47465000.0
2023-02-15,47465000.0
2023-02-15,47465000.0
2023-02-15,47465000.0
2023-02-15,47465000.0
2023-02-15,47465000.0
2023-02-15,47465000.0
2023-02-15,47465000.0
2023-02-15,47465000.0
2023-02-16,46658000.0
2023-02-16,46658000.0
2023-02-16,46658000.0
2023-02-16,46658000.0
2023-02-16,46658000.0
2023-02-16,46658000.0
2023-02-16,46658000.0
2023-02-16,46658000.0
2023-02-16,46658000.0
2023-02-16,46658000.0
2023-02-16,46658000.0
2023-02-16,46658000.0
2023-02-16,46658000.0
2023-02-16,46658000.0
2023-02-16,46658000.0
2023-02-16,46658000.0
2023-02-16,46658000.0
2023-02-16,46658000.0
2023-02-16,46658000.0
2023-02-16,46658000.0
2023-02-16,46658000.0
2023-02-16,46658000.0
2023-02-16,46658000.0
2023-02-16,46658000.0
2023-02-16,46658000.0
2023-02-16,46658000.0
2023-02-16,46658000.0
2023-02-16,46658000.0
2023-02-16,46658000.0
2023-02-16,46658000.0
2023-02-16,46511000.0
2023-02-16,46511000.0
2023-02-16,46511000.0
2023-02-16,46511000.0
2023-02-16,46511000.0
2023-02-16,46511000.0
2023-02-16,46511000.0
2023-02-16,46511000.0
2023-02-16,46511000.0
2023-02-16,46511000.0
2023-02-16,46511000.0
2023-02-16,46511000.0
2023-02-16,46511000.0
2023-02-16,46511000.0
2023-02-16,46511000.0
2023-02-16,46511000.0
2023-02-16,46511000.0
2023-02-16,46511000.0
2023-02-17,46734000.00000001
2023-02-17,46734000.00000001
2023-02-17,46734000.00000001
2023-02-17,46734000.00000001
2023-02-17,46734000.00000001
2023-02-17,46734000.00000001
2023-02-17,46734000.00000001
2023-02-17,46734000.00000001
2023-02-17,46734000.00000001
2023-02-17,46734000.00000001
2023-02-17,46734000.00000001
2023-02-17,46734000.00000001
2023-02-17,46734000.00000001
2023-02-17,46734000.00000001
2023-02-17,46734000.00000001
2023-02-17,46734000.00000001
2023-02-17,46734000.00000001
2023-02-17,46734000.00000001
2023-02-17,46734000.00000001
2023-02-17,46734000.00000001
2023-02-17,46734000.00000001
2023-02-17,46734000.00000001
2023-02-17,46734000.00000001
2023-02-17,46734000.00000001
2023-02-17,46734000.00000001
2023-02-17,46734000.00000001
2023-02-17,46734000.00000001
2023-02-17,46734000.00000001
2023-02-17,46734000.00000001
2023-02-17,46734000.00000001
2023-02-17,46734000.00000001
2023-02-17,46734000.00000001
2023-02-17,46734000.00000001
2023-02-17,46734000.00000001
2023-02-17,46734000.00000001
2023-02-17,46734000.00000001
2023-02-17,46734000.00000001
2023-02-17,46527000.00000001
2023-02-17,46527000.00000001
2023-02-17,46527000.00000001
2023-02-17,46527000.00000001
2023-02-17,46527000.00000001
2023-02-17,46527000.00000001
2023-02-17,46527000.00000001
2023-02-17,46160000.00000001
2023-02-17,46160000.00000001
2023-02-17,46160000.00000001
2023-02-17,46160000.00000001
2023-02-20,46160000.00000001
2023-02-20,46160000.00000001
2023-02-20,46160000.00000001
2023-02-20,46160000.00000001
2023-02-20,46160000.00000001
2023-02-20,46160000.00000001
2023-02-20,46160000.00000001
2023-02-20,46160000.00000001
2023-02-20,46160000.00000001
2023-02-20,46160000.00000001
2023-02-20,46160000.00000001
2023-02-20,46160000.00000001
2023-02-20,46160000.00000001
2023-02-20,46160000.00000001
2023-02-20,46160000.00000001
2023-02-20,46160000.00000001
2023-02-20,46160000.00000001
2023-02-20,46160000.00000001
2023-02-20,46160000.00000001
2023-02-20,46160000.00000001
2023-02-20,46160000.00000001
2023-02-20,46160000.00000001
2023-02-20,46160000.00000001
2023-02-20,46160000.00000001
2023-02-20,46160000.00000001
2023-02-20,46160000.00000001
2023-02-20,46160000.00000001
2023-02-20,46160000.00000001
2023-02-20,46160000.00000001
2023-02-20,46160000.00000001
2023-02-20,46160000.00000001
2023-02-20,46160000.00000001
2023-02-20,46160000.00000001
2023-02-20,46160000.00000001
2023-02-20,46160000.00000001
2023-02-20,46160000.00000001
2023-02-20,46160000.00000001
2023-02-20,46160000.00000001
2023-02-20,46160000.00000001
2023-02-20,46160000.00000001
2023-02-20,46160000.00000001
2023-02-20,46160000.00000001
2023-02-20,46160000.00000001
2023-02-20,46160000.00000001
2023-02-20,46160000.00000001
2023-02-20,46160000.00000001
2023-02-20,46160000.00000001
2023-02-20,46160000.00000001
2023-02-20,46160000.00000001
2023-02-21,46160000.00000001
2023-02-21,46160000.00000001
2023-02-21,46160000.00000001
2023-02-21,46160000.00000001
2023-02-21,46160000.00000001
2023-02-21,46160000.00000001
2023-02-21,46160000.00000001
2023-02-21,46160000.00000001
2023-02-21,46160000.00000001
2023-02-21,46160000.00000001
2023-02-21,46160000.00000001
2023-02-21,46160000.00000001
2023-02-21,46160000.00000001
2023-02-21,46160000.00000001
2023-02-21,46160000.00000001
2023-02-21,46160000.00000001
2023-02-21,46160000.00000001
2023-02-21,46160000.00000001
2023-02-21,46160000.00000001
2023-02-21,46160000.00000001
2023-02-21,46160000.00000001
2023-02-21,46160000.00000001
2023-02-21,46160000.00000001
2023-02-21,46160000.00000001
2023-02-21,49413000.00000001
2023-02-21,49413000.00000001
2023-02-21,49413000.00000001
2023-02-21,49413000.00000001
2023-02-21,49413000.00000001
2023-02-21,49413000.00000001
2023-02-21,49413000.00000001
2023-02-21,49413000.00000001
2023-02-21,49413000.00000001
2023-02-21,49413000.00000001
2023-02-21,49413000.00000001
2023-02-21,49413000.00000001
2023-02-21,49006000.00000001
2023-02-21,49006000.00000001
2023-02-21,49006000.00000001
2023-02-21,49006000.00000001
2023-02-21,49006000.00000001
2023-02-21,49006000.00000001
2023-02-21,49006000.00000001
2023-02-21,49006000.00000001
2023-02-21,49006000.00000001
2023-02-21,49006000.00000001
2023-02-21,49006000.00000001
2023-02-21,49006000.00000001
2023-02-21,49006000.00000001
2023-02-22,49006000.00000001
2023-02-22,49006000.00000001
2023-02-22,49006000.00000001
2023-02-22,49006000.00000001
2023-02-22,49006000.00000001
2023-02-22,49006000.00000001
2023-02-22,48689000.00000001
2023-02-22,48689000.00000001
2023-02-22,48689000.00000001
2023-02-22,48689000.00000001
2023-02-22,48689000.00000001
2023-02-22,48689000.00000001
2023-02-22,48689000.00000001
2023-02-22,48689000.00000001
2023-02-22,48689000.00000001
2023-02-22,48689000.00000001
2023-02-22,48689000.00000001
2023-02-22,48689000.00000001
2023-02-22,48689000.00000001
2023-02-22,48689000.00000001
2023-02-22,48689000.00000001
2023-02-22,48689000.00000001
2023-02-22,48689000.00000001
2023-02-22,48689000.00000001
2023-02-22,48689000.00000001
2023-02-22,48689000.00000001
2023-02-22,48689000.00000001
2023-02-22,48689000.00000001
2023-02-22,48689000.00000001
2023-02-22,48689000.00000001
2023-02-22,48689000.00000001
2023-02-22,48689000.00000001
2023-02-22,48689000.00000001
2023-02-22,48689000.00000001
2023-02-22,48689000.00000001
2023-02-22,48689000.00000001
2023-02-22,48689000.00000001
2023-02-22,48942000.00000001
2023-02-22,48942000.00000001
2023-02-22,48942000.00000001
2023-02-22,48942000.00000001
2023-02-22,48942000.00000001
2023-02-22,48942000.00000001
2023-02-22,48942000.00000001
2023-02-22,48942000.00000001
2023-02-22,48942000.00000001
2023-02-22,48942000.00000001
2023-02-22,48942000.00000001
2023-02-23,48942000.00000001
2023-02-23,48942000.00000001
2023-02-23,48942000.00000001
2023-02-23,48942000.00000001
2023-02-23,48942000.00000001
2023-02-23,48942000.00000001
2023-02-23,48942000.00000001
2023-02-23,48942000.00000001
2023-02-23,48942000.00000001
2023-02-23,48942000.00000001
2023-02-23,48942000.00000001
2023-02-23,48942000.00000001
2023-02-23,48942000.00000001
2023-02-23,48942000.00000001
2023-02-23,48942000.00000001
2023-02-23,48942000.00000001
2023-02-23,48942000.00000001
2023-02-23,48942000.00000001
2023-02-23,48942000.00000001
2023-02-23,48942000.00000001
2023-02-23,48942000.00000001
2023-02-23,48942000.00000001
2023-02-23,48942000.00000001
2023-02-23,48942000.00000001
2023-02-23,48942000.00000001
2023-02-23,49645000.00000001
2023-02-23,49645000.00000001
2023-02-23,49645000.00000001
2023-02-23,49645000.00000001
2023-02-23,49645000.00000001
2023-02-23,49645000.00000001
2023-02-23,49645000.00000001
2023-02-23,49645000.00000001
2023-02-23,49645000.00000001
2023-02-23,49378000.00000001
2023-02-23,49378000.00000001
2023-02-23,49378000.00000001
2023-02-23,49378000.00000001
2023-02-23,49378000.00000001
2023-02-23,48931000.00000001
2023-02-23,48931000.00000001
2023-02-23,48931000.00000001
2023-02-23,48931000.00000001
2023-02-23,48931000.00000001
2023-02-23,48931000.00000001
2023-02-23,48931000.00000001
2023-02-23,48931000.00000001
2023-02-23,48931000.00000001
2023-02-23,48931000.00000001
2023-02-24,48931000.00000001
2023-02-24,48931000.00000001
2023-02-24,48604000.00000001
2023-02-24,48604000.00000001
2023-02-24,48604000.00000001
2023-02-24,48604000.00000001
2023-02-24,48604000.00000001
2023-02-24,48604000.00000001
2023-02-24,48604000.00000001
2023-02-24,48604000.00000001
2023-02-24,48604000.00000001
2023-02-24,48604000.00000001
2023-02-24,48604000.00000001
2023-02-24,48604000.00000001
2023-02-24,48604000.00000001
2023-02-24,48604000.00000001
2023-02-24,48604000.00000001
2023-02-24,48604000.00000001
2023-02-24,48604000.00000001
2023-02-24,48604000.00000001
2023-02-24,48604000.00000001
2023-02-24,48604000.00000001
2023-02-24,48604000.00000001
2023-02-24,48604000.00000001
2023-02-24,48604000.00000001
2023-02-24,48604000.00000001
2023-02-24,48604000.00000001
2023-02-24,48604000.00000001
2023-02-24,48604000.00000001
2023-02-24,48604000.00000001
2023-02-24,48604000.00000001
2023-02-24,48604000.00000001
2023-02-24,48604000.00000001
2023-02-24,48604000.00000001
2023-02-24,48604000.00000001
2023-02-24,48604000.00000001
2023-02-24,48604000.00000001
2023-02-24,48604000.00000001
2023-02-24,49017000.00000001
2023-02-24,49017000.00000001
2023-02-24,49017000.00000001
2023-02-24,49017000.00000001
2023-02-24,49017000.00000001
2023-02-24,49017000.00000001
2023-02-24,49017000.00000001
2023-02-24,49017000.00000001
2023-02-24,49017000.00000001
2023-02-24,49017000.00000001
2023-02-24,49017000.00000001
2023-02-27,49017000.00000001
2023-02-27,49017000.00000001
2023-02-27,49017000.00000001
2023-02-27,49017000.00000001
2023-02-27,49017000.00000001
2023-02-27,49017000.00000001
2023-02-27,49017000.00000001
2023-02-27,49017000.00000001
2023-02-27,49017000.00000001
2023-02-27,49017000.00000001
2023-02-27,49017000.00000001
2023-02-27,49017000.00000001
2023-02-27,49017000.00000001
2023-02-27,49017000.00000001
2023-02-27,49017000.00000001
2023-02-27,49017000.00000001
2023-02-27,49017000.00000001
2023-02-27,49017000.00000001
2023-02-27,49017000.00000001
2023-02-27,49017000.00000001
2023-02-27,49017000.00000001
2023-02-27,49017000.00000001
2023-02-27,49017000.00000001
2023-02-27,49017000.00000001
2023-02-27,49017000.00000001
2023-02-27,49017000.00000001
2023-02-27,49017000.00000001
2023-02-27,49017000.00000001
2023-02-27,49017000.00000001
2023-02-27,49017000.00000001
2023-02-27,50010000.00000001
2023-02-27,50010000.00000001
2023-02-27,50010000.00000001
2023-02-27,50010000.00000001
2023-02-27,50010000.00000001
2023-02-27,50010000.00000001
2023-02-27,50010000.00000001
2023-02-27,50010000.00000001
2023-02-27,50010000.00000001
2023-02-27,50010000.00000001
2023-02-27,50010000.00000001
2023-02-27,50010000.00000001
2023-02-27,50010000.00000001
2023-02-27,50010000.00000001
2023-02-27,50010000.00000001
2023-02-27,49483000.00000001
2023-02-27,49483000.00000001
2023-02-27,49483000.00000001
2023-02-27,49483000.00000001
2023-02-28,49483000.00000001
2023-02-28,49483000.00000001
2023-02-28,49483000.00000001
2023-02-28,49483000.00000001
2023-02-28,49483000.00000001
2023-02-28,49483000.00000001
2023-02-28,49186000.00000001
2023-02-28,49186000.00000001
2023-02-28,49186000.00000001
2023-02-28,49186000.00000001
2023-02-28,49186000.00000001
2023-02-28,49186000.00000001
2023-02-28,49186000.00000001
2023-02-28,49186000.00000001
2023-02-28,49186000.00000001
2023-02-28,49186000.00000001
2023-02-28,49186000.00000001
2023-02-28,49186000.00000001
2023-02-28,49186000.00000001
2023-02-28,49186000.00000001
2023-02-28,49186000.00000001
2023-02-28,49186000.00000001
2023-02-28,49186000.00000001
2023-02-28,49186000.00000001
2023-02-28,49186000.00000001
2023-02-28,49186000.00000001
2023-02-28,49186000.00000001
2023-02-28,49186000.00000001
2023-02-28,49186000.00000001
2023-02-28,49186000.00000001
2023-02-28,49186000.00000001
2023-02-28,49186000.00000001
2023-02-28,49186000.00000001
2023-02-28,49186000.00000001
2023-02-28,49186000.00000001
2023-02-28,49186000.00000001
2023-02-28,49186000.00000001
2023-02-28,49186000.00000001
2023-02-28,49186000.00000001
2023-02-28,49186000.00000001
2023-02-28,49186000.00000001
2023-02-28,49186000.00000001
2023-02-28,49186000.00000001
2023-02-28,49186000.00000001
2023-02-28,49186000.00000001
2023-02-28,49186000.00000001
2023-02-28,49186000.00000001
2023-02-28,49186000.00000001
2023-03-01,49186000.00000001
2023-03-01,49186000.00000001
2023-03-01,49186000.00000001
2023-03-01,49186000.00000001
2023-03-01,49186000.00000001
2023-03-01,49186000.00000001
2023-03-01,49186000.00000001
2023-03-01,49186000.00000001
2023-03-01,49186000.00000001
2023-03-01,49186000.00000001
2023-03-01,49186000.00000001
2023-03-01,49186000.00000001
2023-03-01,49186000.00000001
2023-03-01,49186000.00000001
2023-03-01,49186000.00000001
2023-03-01,49186000.00000001
2023-03-01,49919000.00000001
2023-03-01,49919000.00000001
2023-03-01,49919000.00000001
2023-03-01,49919000.00000001
2023-03-01,49919000.00000001
2023-03-01,49919000.00000001
2023-03-01,49919000.00000001
2023-03-01,49919000.00000001
2023-03-01,49919000.00000001
2023-03-01,49919000.00000001
2023-03-01,49919000.00000001
2023-03-01,49919000.00000001
2023-03-01,49919000.00000001
2023-03-01,49919000.00000001
2023-03-01,49919000.00000001
2023-03-01,49919000.00000001
2023-03-01,49919000.00000001
2023-03-01,49919000.00000001
2023-03-01,49919000.00000001
2023-03-01,49919000.00000001
2023-03-01,49662000.00000001
2023-03-01,49662000.00000001
2023-03-01,49662000.00000001
2023-03-01,49662000.00000001
2023-03-01,49662000.00000001
2023-03-01,49662000.00000001
2023-03-01,49662000.00000001
2023-03-01,49662000.00000001
2023-03-01,49662000.00000001
2023-03-01,49662000.00000001
2023-03-01,49662000.00000001
2023-03-01,49662000.00000001
2023-03-01,49662000.00000001
2023-03-02,49662000.00000001
2023-03-02,49662000.00000001
2023-03-02,49662000.00000001
2023-03-02,49662000.00000001
2023-03-02,49662000.00000001
2023-03-02,49662000.00000001
2023-03-02,49662000.00000001
2023-03-02,49662000.00000001
2023-03-02,49662000.00000001
2023-03-02,49662000.00000001
2023-03-02,49662000.00000001
2023-03-02,49662000.00000001
2023-03-02,49662000.00000001
2023-03-02,49662000.00000001
2023-03-02,49662000.00000001
2023-03-02,49662000.00000001
2023-03-02,49755000.00000001
2023-03-02,49755000.00000001
2023-03-02,49755000.00000001
2023-03-02,49755000.00000001
2023-03-02,49755000.00000001
2023-03-02,49755000.00000001
2023-03-02,49755000.00000001
2023-03-02,49755000.00000001
2023-03-02,49755000.00000001
2023-03-02,49755000.00000001
2023-03-02,49755000.00000001
2023-03-02,49755000.00000001
2023-03-02,49755000.00000001
2023-03-02,49508000.00000001
2023-03-02,49508000.00000001
2023-03-02,49508000.00000001
2023-03-02,49508000.00000001
2023-03-02,49508000.00000001
2023-03-02,49508000.00000001
2023-03-02,49508000.00000001
2023-03-02,49508000.00000001
2023-03-02,49508000.00000001
2023-03-02,49508000.00000001
2023-03-02,49508000.00000001
2023-03-02,49508000.00000001
2023-03-02,49508000.00000001
2023-03-02,49508000.00000001
2023-03-02,49508000.00000001
2023-03-02,49508000.00000001
2023-03-02,49508000.00000001
2023-03-02,49508000.00000001
2023-03-02,48981000.00000001
2023-03-03,48981000.00000001
2023-03-03,48981000.00000001
2023-03-03,48981000.00000001
2023-03-03,48981000.00000001
2023-03-03,48981000.00000001
2023-03-03,48981000.00000001
2023-03-03,48981000.00000001
2023-03-03,48774000.00000001
2023-03-03,48774000.00000001
2023-03-03,48774000.00000001
2023-03-03,48774000.00000001
2023-03-03,48774000.00000001
2023-03-03,48774000.00000001
2023-03-03,48774000.00000001
2023-03-03,48774000.00000001
2023-03-03,48774000.00000001
2023-03-03,48774000.00000001
2023-03-03,48774000.00000001
2023-03-03,48774000.00000001
2023-03-03,48774000.00000001
2023-03-03,48774000.00000001
2023-03-03,48774000.00000001
2023-03-03,48774000.00000001
2023-03-03,48774000.00000001
2023-03-03,48774000.00000001
2023-03-03,48774000.00000001
2023-03-03,48774000.00000001
2023-03-03,48774000.00000001
2023-03-03,48774000.00000001
2023-03-03,48774000.00000001
2023-03-03,48774000.00000001
2023-03-03,48774000.00000001
2023-03-03,48774000.00000001
2023-03-03,49557000.00000001
2023-03-03,49557000.00000001
2023-03-03,49557000.00000001
2023-03-03,49557000.00000001
2023-03-03,49557000.00000001
2023-03-03,49557000.00000001
2023-03-03,49557000.00000001
2023-03-03,49557000.00000001
2023-03-03,49557000.00000001
2023-03-03,49557000.00000001
2023-03-03,49557000.00000001
2023-03-03,49557000.00000001
2023-03-03,49557000.00000001
2023-03-03,49557000.00000001
2023-03-03,49557000.00000001
2023-03-06,49557000.00000001
2023-03-06,49557000.00000001
2023-03-06,49557000.00000001
2023-03-06,49557000.00000001
2023-03-06,49557000.00000001
2023-03-06,49557000.00000001
2023-03-06,49557000.00000001
2023-03-06,49557000.00000001
2023-03-06,49557000.00000001
2023-03-06,49557000.00000001
2023-03-06,49557000.00000001
2023-03-06,49557000.00000001
2023-03-06,49557000.00000001
2023-03-06,49557000.00000001
2023-03-06,49557000.00000001
2023-03-06,49557000.00000001
2023-03-06,49557000.00000001
2023-03-06,49557000.00000001
2023-03-06,49557000.00000001
2023-03-06,49557000.00000001
2023-03-06,49557000.00000001
2023-03-06,49557000.00000001
2023-03-06,49557000.00000001
2023-03-06,49557000.00000001
2023-03-06,49557000.00000001
2023-03-06,49557000.00000001
2023-03-06,49557000.00000001
2023-03-06,49557000.00000001
2023-03-06,50040000.00000001
2023-03-06,50040000.00000001
2023-03-06,50040000.00000001
2023-03-06,50040000.00000001
2023-03-06,50040000.00000001
2023-03-06,50040000.00000001
2023-03-06,50040000.00000001
2023-03-06,50040000.00000001
2023-03-06,50040000.00000001
2023-03-06,50040000.00000001
2023-03-06,50040000.00000001
2023-03-06,50040000.00000001
2023-03-06,50040000.00000001
2023-03-06,50040000.00000001
2023-03-06,50040000.00000001
2023-03-06,50040000.00000001
2023-03-06,50040000.00000001
2023-03-06,50040000.00000001
2023-03-06,50040000.00000001
2023-03-06,50040000.00000001
2023-03-07,50543000.00000001
2023-03-07,50543000.00000001
2023-03-07,50543000.00000001
2023-03-07,50543000.00000001
2023-03-07,50543000.00000001
2023-03-07,50543000.00000001
2023-03-07,50543000.00000001
2023-03-07,50543000.00000001
2023-03-07,50543000.00000001
2023-03-07,50543000.00000001
2023-03-07,50543000.00000001
2023-03-07,50543000.00000001
2023-03-07,50543000.00000001
2023-03-07,50286000.00000001
2023-03-07,50286000.00000001
2023-03-07,50286000.00000001
2023-03-07,50286000.00000001
2023-03-07,50286000.00000001
2023-03-07,50286000.00000001
2023-03-07,50286000.00000001
2023-03-07,50286000.00000001
2023-03-07,50286000.00000001
2023-03-07,50286000.00000001
2023-03-07,50286000.00000001
2023-03-07,50286000.00000001
2023-03-07,50286000.00000001
2023-03-07,50286000.00000001
2023-03-07,50286000.00000001
2023-03-07,50286000.00000001
2023-03-07,50286000.00000001
2023-03-07,50286000.00000001
2023-03-07,50286000.00000001
2023-03-07,50286000.00000001
2023-03-07,50286000.00000001
2023-03-07,50286000.00000001
2023-03-07,50286000.00000001
2023-03-07,50286000.00000001
2023-03-07,50286000.00000001
2023-03-07,50286000.00000001
2023-03-07,50286000.00000001
2023-03-07,50286000.00000001
2023-03-07,50286000.00000001
2023-03-07,50286000.00000001
2023-03-07,50286000.00000001
2023-03-07,50286000.00000001
2023-03-07,49599000.00000001
2023-03-07,49599000.00000001
2023-03-07,49599000.00000001
2023-03-08,49599000.00000001
2023-03-08,49599000.00000001
2023-03-08,49599000.00000001
2023-03-08,49599000.00000001
2023-03-08,49599000.00000001
2023-03-08,49599000.00000001
2023-03-08,49599000.00000001
2023-03-08,49599000.00000001
2023-03-08,49599000.00000001
2023-03-08,49599000.00000001
2023-03-08,49599000.00000001
2023-03-08,49599000.00000001
2023-03-08,49599000.00000001
2023-03-08,49599000.00000001
2023-03-08,49599000.00000001
2023-03-08,49599000.00000001
2023-03-08,49482000.00000001
2023-03-08,49482000.00000001
2023-03-08,49482000.00000001
2023-03-08,49482000.00000001
2023-03-08,49482000.00000001
2023-03-08,49482000.00000001
2023-03-08,49482000.00000001
2023-03-08,49482000.00000001
2023-03-08,49482000.00000001
2023-03-08,49482000.00000001
2023-03-08,49482000.00000001
2023-03-08,49482000.00000001
2023-03-08,49482000.00000001
2023-03-08,49482000.00000001
2023-03-08,49085000.00000001
2023-03-08,49085000.00000001
2023-03-08,49085000.00000001
2023-03-08,49085000.00000001
2023-03-08,49085000.00000001
2023-03-08,49085000.00000001
2023-03-08,49085000.00000001
2023-03-08,49085000.00000001
2023-03-08,49085000.00000001
2023-03-08,49085000.00000001
2023-03-08,49085000.00000001
2023-03-08,49085000.00000001
2023-03-08,49085000.00000001
2023-03-08,49085000.00000001
2023-03-08,49085000.00000001
2023-03-08,49085000.00000001
2023-03-08,49085000.00000001
2023-03-08,49085000.00000001
2023-03-09,49085000.00000001
2023-03-09,49085000.00000001
2023-03-09,49085000.00000001
2023-03-09,49085000.00000001
2023-03-09,49085000.00000001
2023-03-09,49085000.00000001
2023-03-09,49085000.00000001
2023-03-09,49085000.00000001
2023-03-09,49085000.00000001
2023-03-09,49085000.00000001
2023-03-09,49085000.00000001
2023-03-09,49085000.00000001
2023-03-09,49085000.00000001
2023-03-09,49085000.00000001
2023-03-09,50108000.00000001
2023-03-09,50108000.00000001
2023-03-09,50108000.00000001
2023-03-09,50108000.00000001
2023-03-09,50108000.00000001
2023-03-09,50108000.00000001
2023-03-09,50108000.00000001
2023-03-09,50108000.00000001
2023-03-09,50108000.00000001
2023-03-09,50108000.00000001
2023-03-09,50108000.00000001
2023-03-09,50108000.00000001
2023-03-09,50108000.00000001
2023-03-09,50108000.00000001
2023-03-09,50108000.00000001
2023-03-09,50108000.00000001
2023-03-09,50108000.00000001
2023-03-09,50108000.00000001
2023-03-09,50108000.00000001
2023-03-09,50108000.00000001
2023-03-09,50221000.00000001
2023-03-09,50221000.00000001
2023-03-09,50221000.00000001
2023-03-09,49974000.00000001
2023-03-09,49974000.00000001
2023-03-09,49974000.00000001
2023-03-09,49974000.00000001
2023-03-09,49974000.00000001
2023-03-09,49974000.00000001
2023-03-09,49974000.00000001
2023-03-09,49974000.00000001
2023-03-09,49974000.00000001
2023-03-09,49974000.00000001
2023-03-09,50387000.00000001
2023-03-09,50387000.00000001
2023-03-10,50387000.00000001
2023-03-10,50387000.00000001
2023-03-10,50387000.00000001
2023-03-10,50387000.00000001
2023-03-10,50387000.00000001
2023-03-10,50387000.00000001
2023-03-10,50387000.00000001
2023-03-10,50387000.00000001
2023-03-10,50387000.00000001
2023-03-10,50387000.00000001
2023-03-10,50387000.00000001
2023-03-10,50387000.00000001
2023-03-10,50387000.00000001
2023-03-10,50387000.00000001
2023-03-10,50387000.00000001
2023-03-10,50387000.00000001
2023-03-10,50387000.00000001
2023-03-10,50387000.00000001
2023-03-10,50387000.00000001
2023-03-10,50387000.00000001
2023-03-10,50387000.00000001
2023-03-10,50387000.00000001
2023-03-10,50387000.00000001
2023-03-10,50387000.00000001
2023-03-10,50387000.00000001
2023-03-10,50387000.00000001
2023-03-10,50387000.00000001
2023-03-10,50387000.00000001
2023-03-10,50387000.00000001
2023-03-10,50387000.00000001
2023-03-10,50387000.00000001
2023-03-10,50090000.00000001
2023-03-10,50090000.00000001
2023-03-10,50090000.00000001
2023-03-10,50090000.00000001
2023-03-10,50090000.00000001
2023-03-10,50090000.00000001
2023-03-10,50090000.00000001
2023-03-10,49743000.00000001
2023-03-10,49743000.00000001
2023-03-10,49743000.00000001
2023-03-10,49743000.00000001
2023-03-10,49743000.00000001
2023-03-10,49426000.00000001
2023-03-10,49426000.00000001
2023-03-10,49426000.00000001
2023-03-10,48989000.00000001
2023-03-10,48989000.00000001
2023-03-13,48989000.00000001
2023-03-13,48989000.00000001
2023-03-13,48989000.00000001
2023-03-13,48989000.00000001
2023-03-13,48989000.00000001
2023-03-13,48989000.00000001
2023-03-13,48989000.00000001
2023-03-13,48989000.00000001
2023-03-13,48989000.00000001
2023-03-13,48989000.00000001
2023-03-13,48989000.00000001
2023-03-13,48989000.00000001
2023-03-13,48989000.00000001
2023-03-13,48989000.00000001
2023-03-13,48989000.00000001
2023-03-13,48989000.00000001
2023-03-13,48989000.00000001
2023-03-13,48989000.00000001
2023-03-13,48989000.00000001
2023-03-13,48989000.00000001
2023-03-13,48989000.00000001
2023-03-13,48989000.00000001
2023-03-13,48989000.00000001
2023-03-13,48989000.00000001
2023-03-13,49322000.00000001
2023-03-13,49322000.00000001
2023-03-13,49322000.00000001
2023-03-13,49322000.00000001
2023-03-13,49322000.00000001
2023-03-13,49322000.00000001
2023-03-13,49322000.00000001
2023-03-13,49322000.00000001
2023-03-13,49322000.00000001
2023-03-13,48945000.00000001
2023-03-13,48945000.00000001
2023-03-13,48945000.00000001
2023-03-13,48945000.00000001
2023-03-13,48945000.00000001
2023-03-13,48945000.00000001
2023-03-13,48945000.00000001
2023-03-13,48945000.00000001
2023-03-13,48945000.00000001
2023-03-13,48945000.00000001
2023-03-13,48945000.00000001
2023-03-13,48945000.00000001
2023-03-13,48945000.00000001
2023-03-13,48945000.00000001
2023-03-13,48945000.00000001
2023-03-14,48945000.00000001
2023-03-14,48945000.00000001
2023-03-14,48945000.00000001
2023-03-14,48945000.00000001
2023-03-14,48945000.00000001
2023-03-14,48945000.00000001
2023-03-14,48945000.00000001
2023-03-14,48945000.00000001
2023-03-14,48945000.00000001
2023-03-14,48945000.00000001
2023-03-14,48945000.00000001
2023-03-14,48945000.00000001
2023-03-14,48945000.00000001
2023-03-14,48945000.00000001
2023-03-14,48945000.00000001
2023-03-14,48945000.00000001
2023-03-14,48945000.00000001
2023-03-14,49118000.00000001
2023-03-14,49118000.00000001
2023-03-14,49118000.00000001
2023-03-14,49118000.00000001
2023-03-14,49118000.00000001
2023-03-14,49118000.00000001
2023-03-14,49118000.00000001
2023-03-14,49118000.00000001
2023-03-14,49118000.00000001
2023-03-14,49118000.00000001
2023-03-14,49118000.00000001
2023-03-14,49118000.00000001
2023-03-14,49118000.00000001
2023-03-14,49118000.00000001
2023-03-14,49118000.00000001
2023-03-14,49118000.00000001
2023-03-14,49118000.00000001
2023-03-14,49118000.00000001
2023-03-14,49118000.00000001
2023-03-14,49118000.00000001
2023-03-14,49118000.00000001
2023-03-14,49118000.00000001
2023-03-14,49118000.00000001
2023-03-14,49118000.00000001
2023-03-14,49118000.00000001
2023-03-14,49118000.00000001
2023-03-14,49118000.00000001
2023-03-14,49118000.00000001
2023-03-14,49661000.00000001
2023-03-14,49661000.00000001
2023-03-14,49661000.00000001
2023-03-14,49661000.00000001
2023-03-15,49661000.00000001
2023-03-15,49661000.00000001
2023-03-15,49661000.00000001
2023-03-15,49661000.00000001
2023-03-15,49364000.00000001
2023-03-15,49364000.00000001
2023-03-15,49364000.00000001
2023-03-15,49364000.00000001
2023-03-15,49364000.00000001
2023-03-15,49364000.00000001
2023-03-15,49117000.00000001
2023-03-15,49117000.00000001
2023-03-15,49117000.00000001
2023-03-15,49117000.00000001
2023-03-15,49117000.00000001
2023-03-15,49117000.00000001
2023-03-15,49117000.00000001
2023-03-15,49117000.00000001
2023-03-15,49117000.00000001
2023-03-15,49117000.00000001
2023-03-15,49117000.00000001
2023-03-15,49117000.00000001
2023-03-15,49117000.00000001
2023-03-15,49117000.00000001
2023-03-15,49117000.00000001
2023-03-15,49117000.00000001
2023-03-15,49117000.00000001
2023-03-15,49117000.00000001
2023-03-15,49117000.00000001
2023-03-15,49117000.00000001
2023-03-15,49117000.00000001
2023-03-15,49117000.00000001
2023-03-15,49117000.00000001
2023-03-15,49117000.00000001
2023-03-15,49117000.00000001
2023-03-15,49117000.00000001
2023-03-15,49117000.00000001
2023-03-15,49117000.00000001
2023-03-15,49117000.00000001
2023-03-15,49117000.00000001
2023-03-15,49117000.00000001
2023-03-15,49117000.00000001
2023-03-15,49117000.00000001
2023-03-15,49117000.00000001
2023-03-15,49117000.00000001
2023-03-15,49117000.00000001
2023-03-15,49117000.00000001
2023-03-15,49117000.00000001
2023-03-15,49117000.00000001
2023-03-16,49460000.00000001
2023-03-16,49460000.00000001
2023-03-16,49460000.00000001
2023-03-16,49460000.00000001
2023-03-16,49460000.00000001
2023-03-16,49460000.00000001
2023-03-16,49460000.00000001
2023-03-16,49460000.00000001
2023-03-16,49460000.00000001
2023-03-16,49460000.00000001
2023-03-16,49460000.00000001
2023-03-16,49460000.00000001
2023-03-16,49460000.00000001
2023-03-16,49460000.00000001
2023-03-16,49460000.00000001
2023-03-16,49460000.00000001
2023-03-16,49460000.00000001
2023-03-16,49460000.00000001
2023-03-16,49460000.00000001
2023-03-16,49460000.00000001
2023-03-16,49460000.00000001
2023-03-16,49460000.00000001
2023-03-16,49460000.00000001
2023-03-16,49460000.00000001
2023-03-16,49460000.00000001
2023-03-16,49460000.00000001
2023-03-16,49460000.00000001
2023-03-16,49460000.00000001
2023-03-16,49460000.00000001
2023-03-16,50073000.00000001
2023-03-16,50073000.00000001
2023-03-16,50073000.00000001
2023-03-16,50073000.00000001
2023-03-16,50073000.00000001
2023-03-16,50073000.00000001
2023-03-16,50073000.00000001
2023-03-16,50073000.00000001
2023-03-16,50073000.00000001
2023-03-16,50073000.00000001
2023-03-16,50073000.00000001
2023-03-16,50073000.00000001
2023-03-16,50073000.00000001
2023-03-16,50073000.00000001
2023-03-16,50073000.00000001
2023-03-16,50073000.00000001
2023-03-16,48766000.00000001
2023-03-16,48766000.00000001
2023-03-16,48766000.00000001
2023-03-17,47489000.000000015
2023-03-17,47489000.000000015
2023-03-17,47489000.000000015
2023-03-17,47489000.000000015
2023-03-17,47489000.000000015
2023-03-17,47489000.000000015
2023-03-17,47489000.000000015
2023-03-17,47489000.000000015
2023-03-17,47489000.000000015
2023-03-17,47489000.000000015
2023-03-17,47489000.000000015
2023-03-17,47489000.000000015
2023-03-17,47489000.000000015
2023-03-17,47489000.000000015
2023-03-17,47489000.000000015
2023-03-17,47489000.000000015
2023-03-17,47489000.000000015
2023-03-17,47489000.000000015
2023-03-17,47489000.000000015
2023-03-17,47489000.000000015
2023-03-17,47489000.000000015
2023-03-17,47489000.000000015
2023-03-17,47489000.000000015
2023-03-17,47489000.000000015
2023-03-17,47489000.000000015
2023-03-17,47489000.000000015
2023-03-17,47489000.000000015
2023-03-17,47489000.000000015
2023-03-17,47489000.000000015
2023-03-17,47489000.000000015
2023-03-17,47489000.000000015
2023-03-17,47322000.000000015
2023-03-17,47322000.000000015
2023-03-17,47322000.000000015
2023-03-17,47322000.000000015
2023-03-17,47322000.000000015
2023-03-17,47322000.000000015
2023-03-17,47035000.000000015
2023-03-17,47035000.000000015
2023-03-17,47035000.000000015
2023-03-17,47035000.000000015
2023-03-17,47035000.000000015
2023-03-17,47035000.000000015
2023-03-17,47035000.000000015
2023-03-17,47035000.000000015
2023-03-17,47035000.000000015
2023-03-17,47035000.000000015
2023-03-17,47035000.000000015
2023-03-17,47035000.000000015
2023-03-20,47035000.000000015
2023-03-20,47035000.000000015
2023-03-20,47035000.000000015
2023-03-20,47035000.000000015
2023-03-20,47035000.000000015
2023-03-20,47035000.000000015
2023-03-20,47035000.000000015
2023-03-20,47035000.000000015
2023-03-20,47035000.000000015
2023-03-20,47035000.000000015
2023-03-20,47035000.000000015
2023-03-20,47035000.000000015
2023-03-20,47035000.000000015
2023-03-20,47035000.000000015
2023-03-20,47035000.000000015
2023-03-20,47035000.000000015
2023-03-20,47035000.000000015
2023-03-20,47035000.000000015
2023-03-20,47035000.000000015
2023-03-20,47035000.000000015
2023-03-20,47035000.000000015
2023-03-20,47035000.000000015
2023-03-20,47035000.000000015
2023-03-20,47035000.000000015
2023-03-20,47035000.000000015
2023-03-20,47035000.000000015
2023-03-20,47035000.000000015
2023-03-20,47035000.000000015
2023-03-20,47035000.000000015
2023-03-20,47035000.000000015
2023-03-20,47035000.000000015
2023-03-20,47035000.000000015
2023-03-20,47035000.000000015
2023-03-20,47035000.000000015
2023-03-20,47035000.000000015
2023-03-20,47035000.000000015
2023-03-20,47035000.000000015
2023-03-20,47035000.000000015
2023-03-20,47035000.000000015
2023-03-20,47035000.000000015
2023-03-20,47035000.000000015
2023-03-20,47035000.000000015
2023-03-20,47035000.000000015
2023-03-20,47035000.000000015
2023-03-20,47035000.000000015
2023-03-20,47035000.000000015
2023-03-20,47035000.000000015
2023-03-20,49398000.000000015
2023-03-20,49398000.000000015
2023-03-21,49398000.000000015
2023-03-21,49398000.000000015
2023-03-21,49398000.000000015
2023-03-21,49398000.000000015
2023-03-21,49398000.000000015
2023-03-21,49398000.000000015
2023-03-21,49398000.000000015
2023-03-21,49398000.000000015
2023-03-21,49398000.000000015
2023-03-21,49398000.000000015
2023-03-21,49398000.000000015
2023-03-21,49398000.000000015
2023-03-21,49398000.000000015
2023-03-21,49398000.000000015
2023-03-21,49398000.000000015
2023-03-21,49398000.000000015
2023-03-21,49398000.000000015
2023-03-21,49398000.000000015
2023-03-21,49398000.000000015
2023-03-21,49398000.000000015
2023-03-21,49398000.000000015
2023-03-21,49398000.000000015
2023-03-21,49398000.000000015
2023-03-21,49398000.000000015
2023-03-21,49398000.000000015
2023-03-21,49398000.000000015
2023-03-21,49398000.000000015
2023-03-21,49398000.000000015
2023-03-21,49398000.000000015
2023-03-21,49398000.000000015
2023-03-21,49921000.000000015
2023-03-21,49921000.000000015
2023-03-21,49921000.000000015
2023-03-21,49921000.000000015
2023-03-21,49921000.000000015
2023-03-21,49921000.000000015
2023-03-21,49921000.000000015
2023-03-21,49921000.000000015
2023-03-21,49921000.000000015
2023-03-21,49921000.000000015
2023-03-21,49921000.000000015
2023-03-21,49921000.000000015
2023-03-21,49921000.000000015
2023-03-21,49921000.000000015
2023-03-21,49921000.000000015
2023-03-21,49921000.000000015
2023-03-21,49921000.000000015
2023-03-21,49921000.000000015
2023-03-21,49921000.000000015
2023-03-22,49921000.000000015
2023-03-22,49921000.000000015
2023-03-22,49921000.000000015
2023-03-22,49554000.000000015
2023-03-22,49554000.000000015
2023-03-22,49554000.000000015
2023-03-22,49554000.000000015
2023-03-22,49554000.000000015
2023-03-22,49554000.000000015
2023-03-22,49554000.000000015
2023-03-22,49554000.000000015
2023-03-22,49554000.000000015
2023-03-22,49554000.000000015
2023-03-22,49554000.000000015
2023-03-22,49554000.000000015
2023-03-22,49554000.000000015
2023-03-22,49554000.000000015
2023-03-22,49554000.000000015
2023-03-22,49554000.000000015
2023-03-22,49554000.000000015
2023-03-22,49747000.000000015
2023-03-22,49747000.000000015
2023-03-22,49747000.000000015
2023-03-22,49747000.000000015
2023-03-22,49747000.000000015
2023-03-22,49747000.000000015
2023-03-22,49747000.000000015
2023-03-22,49747000.000000015
2023-03-22,49747000.000000015
2023-03-22,49747000.000000015
2023-03-22,49747000.000000015
2023-03-22,49747000.000000015
2023-03-22,49747000.000000015
2023-03-22,49747000.000000015
2023-03-22,49747000.000000015
2023-03-22,49747000.000000015
2023-03-22,49747000.000000015
2023-03-22,49747000.000000015
2023-03-22,49747000.000000015
2023-03-22,49747000.000000015
2023-03-22,49430000.000000015
2023-03-22,49430000.000000015
2023-03-22,49430000.000000015
2023-03-22,49430000.000000015
2023-03-22,49430000.000000015
2023-03-22,49430000.000000015
2023-03-22,49430000.000000015
2023-03-22,49430000.000000015
2023-03-23,49430000.000000015
2023-03-23,49430000.000000015
2023-03-23,49430000.000000015
2023-03-23,49430000.000000015
2023-03-23,49430000.000000015
2023-03-23,49430000.000000015
2023-03-23,49430000.000000015
2023-03-23,49430000.000000015
2023-03-23,49430000.000000015
2023-03-23,49430000.000000015
2023-03-23,49430000.000000015
2023-03-23,49103000.000000015
2023-03-23,49103000.000000015
2023-03-23,49103000.000000015
2023-03-23,49103000.000000015
2023-03-23,49103000.000000015
2023-03-23,49103000.000000015
2023-03-23,49103000.000000015
2023-03-23,49103000.000000015
2023-03-23,49103000.000000015
2023-03-23,49103000.000000015
2023-03-23,49103000.000000015
2023-03-23,49103000.000000015
2023-03-23,49103000.000000015
2023-03-23,49103000.000000015
2023-03-23,49103000.000000015
2023-03-23,49103000.000000015
2023-03-23,49103000.000000015
2023-03-23,49103000.000000015
2023-03-23,49103000.000000015
2023-03-23,49103000.000000015
2023-03-23,49103000.000000015
2023-03-23,49103000.000000015
2023-03-23,49103000.000000015
2023-03-23,49103000.000000015
2023-03-23,49103000.000000015
2023-03-23,49103000.000000015
2023-03-23,49103000.000000015
2023-03-23,49103000.000000015
2023-03-23,49103000.000000015
2023-03-23,49103000.000000015
2023-03-23,49103000.000000015
2023-03-23,49103000.000000015
2023-03-23,49103000.000000015
2023-03-23,49103000.000000015
2023-03-23,49103000.000000015
2023-03-23,49103000.000000015
2023-03-23,49103000.000000015
2023-03-24,49103000.000000015
2023-03-24,49103000.000000015
2023-03-24,49103000.000000015
2023-03-24,49103000.000000015
2023-03-24,49103000.000000015
2023-03-24,49103000.000000015
2023-03-24,49103000.000000015
2023-03-24,49103000.000000015
2023-03-24,49103000.000000015
2023-03-24,49103000.000000015
2023-03-24,49103000.000000015
2023-03-24,49103000.000000015
2023-03-24,49103000.000000015
2023-03-24,49103000.000000015
2023-03-24,49103000.000000015
2023-03-24,49103000.000000015
2023-03-24,49103000.000000015
2023-03-24,49103000.000000015
2023-03-24,49103000.000000015
2023-03-24,49103000.000000015
2023-03-24,49103000.000000015
2023-03-24,49103000.000000015
2023-03-24,49103000.000000015
2023-03-24,50366000.000000015
2023-03-24,50366000.000000015
2023-03-24,50366000.000000015
2023-03-24,50366000.000000015
2023-03-24,50366000.000000015
2023-03-24,50366000.000000015
2023-03-24,50366000.000000015
2023-03-24,50366000.000000015
2023-03-24,50366000.000000015
2023-03-24,50366000.000000015
2023-03-24,50366000.000000015
2023-03-24,50366000.000000015
2023-03-24,50366000.000000015
2023-03-24,50366000.000000015
2023-03-24,50366000.000000015
2023-03-24,50366000.000000015
2023-03-24,50366000.000000015
2023-03-24,50366000.000000015
2023-03-24,50366000.000000015
2023-03-24,50366000.000000015
2023-03-24,50659000.000000015
2023-03-24,50659000.000000015
2023-03-24,50659000.000000015
2023-03-24,50659000.000000015
2023-03-24,50659000.000000015
2023-03-24,50659000.000000015
2023-03-27,50659000.000000015
2023-03-27,50659000.000000015
2023-03-27,50659000.000000015
2023-03-27,50659000.000000015
2023-03-27,50659000.000000015
2023-03-27,50659000.000000015
2023-03-27,50659000.000000015
2023-03-27,50659000.000000015
2023-03-27,50659000.000000015
2023-03-27,50659000.000000015
2023-03-27,50659000.000000015
2023-03-27,50659000.000000015
2023-03-27,50659000.000000015
2023-03-27,50659000.000000015
2023-03-27,50422000.000000015
2023-03-27,50422000.000000015
2023-03-27,50422000.000000015
2023-03-27,50422000.000000015
2023-03-27,50422000.000000015
2023-03-27,50422000.000000015
2023-03-27,50422000.000000015
2023-03-27,50422000.000000015
2023-03-27,50422000.000000015
2023-03-27,50422000.000000015
2023-03-27,50422000.000000015
2023-03-27,50422000.000000015
2023-03-27,50422000.000000015
2023-03-27,50055000.000000015
2023-03-27,50055000.000000015
2023-03-27,50055000.000000015
2023-03-27,50055000.000000015
2023-03-27,50055000.000000015
2023-03-27,50055000.000000015
2023-03-27,50055000.000000015
2023-03-27,50055000.000000015
2023-03-27,50055000.000000015
2023-03-27,50055000.000000015
2023-03-27,50055000.000000015
2023-03-27,50055000.000000015
2023-03-27,49798000.000000015
2023-03-27,49798000.000000015
2023-03-27,49798000.000000015
2023-03-27,49798000.000000015
2023-03-27,49561000.000000015
2023-03-27,49561000.000000015
2023-03-27,49561000.000000015
2023-03-27,49561000.000000015
2023-03-27,49561000.000000015
2023-03-28,49561000.000000015
2023-03-28,49561000.000000015
2023-03-28,49561000.000000015
2023-03-28,49561000.000000015
2023-03-28,49561000.000000015
2023-03-28,49561000.000000015
2023-03-28,49561000.000000015
2023-03-28,49561000.000000015
2023-03-28,49561000.000000015
2023-03-28,49561000.000000015
2023-03-28,49561000.000000015
2023-03-28,49561000.000000015
2023-03-28,49561000.000000015
2023-03-28,49561000.000000015
2023-03-28,49561000.000000015
2023-03-28,49561000.000000015
2023-03-28,49561000.000000015
2023-03-28,49561000.000000015
2023-03-28,49561000.000000015
2023-03-28,49561000.000000015
2023-03-28,49561000.000000015
2023-03-28,49561000.000000015
2023-03-28,49561000.000000015
2023-03-28,49561000.000000015
2023-03-28,49561000.000000015
2023-03-28,49561000.000000015
2023-03-28,49561000.000000015
2023-03-28,49561000.000000015
2023-03-28,49561000.000000015
2023-03-28,49561000.000000015
2023-03-28,49561000.000000015
2023-03-28,49561000.000000015
2023-03-28,49561000.000000015
2023-03-28,49561000.000000015
2023-03-28,49561000.000000015
2023-03-28,49561000.000000015
2023-03-28,49384000.000000015
2023-03-28,49384000.000000015
2023-03-28,49384000.000000015
2023-03-28,49384000.000000015
2023-03-28,49384000.000000015
2023-03-28,49384000.000000015
2023-03-28,49384000.000000015
2023-03-28,49384000.000000015
2023-03-28,49384000.000000015
2023-03-28,49384000.000000015
2023-03-28,49384000.000000015
2023-03-28,49384000.000000015
2023-03-29,49384000.000000015
2023-03-29,49384000.000000015
2023-03-29,49384000.000000015
2023-03-29,49384000.000000015
2023-03-29,49384000.000000015
2023-03-29,49384000.000000015
2023-03-29,49384000.000000015
2023-03-29,49384000.000000015
2023-03-29,49384000.000000015
2023-03-29,49117000.000000015
2023-03-29,49117000.000000015
2023-03-29,49117000.000000015
2023-03-29,49117000.000000015
2023-03-29,49117000.000000015
2023-03-29,49117000.000000015
2023-03-29,49117000.000000015
2023-03-29,49117000.000000015
2023-03-29,49117000.000000015
2023-03-29,49117000.000000015
2023-03-29,49117000.000000015
2023-03-29,49117000.000000015
2023-03-29,49117000.000000015
2023-03-29,49117000.000000015
2023-03-29,49117000.000000015
2023-03-29,49117000.000000015
2023-03-29,49117000.000000015
2023-03-29,49117000.000000015
2023-03-29,49117000.000000015
2023-03-29,49117000.000000015
2023-03-29,49117000.000000015
2023-03-29,49117000.000000015
2023-03-29,49117000.000000015
2023-03-29,49117000.000000015
2023-03-29,49117000.000000015
2023-03-29,49117000.000000015
2023-03-29,49117000.000000015
2023-03-29,49117000.000000015
2023-03-29,48960000.000000015
2023-03-29,48960000.000000015
2023-03-29,48960000.000000015
2023-03-29,48763000.000000015
2023-03-29,48763000.000000015
2023-03-29,48763000.000000015
2023-03-29,48763000.000000015
2023-03-29,48763000.000000015
2023-03-29,48763000.000000015
2023-03-29,48763000.000000015
2023-03-29,48763000.000000015
2023-03-29,48763000.000000015
2023-03-30,47626000.000000015
2023-03-30,47626000.000000015
2023-03-30,47626000.000000015
2023-03-30,47626000.000000015
2023-03-30,47626000.000000015
2023-03-30,47626000.000000015
2023-03-30,47626000.000000015
2023-03-30,47626000.000000015
2023-03-30,47626000.000000015
2023-03-30,47626000.000000015
2023-03-30,47626000.000000015
2023-03-30,47626000.000000015
2023-03-30,47626000.000000015
2023-03-30,47626000.000000015
2023-03-30,47626000.000000015
2023-03-30,47626000.000000015
2023-03-30,47626000.000000015
2023-03-30,47626000.000000015
2023-03-30,47626000.000000015
2023-03-30,47626000.000000015
2023-03-30,47626000.000000015
2023-03-30,47626000.000000015
2023-03-30,47626000.000000015
2023-03-30,47626000.000000015
2023-03-30,47819000.000000015
2023-03-30,47819000.000000015
2023-03-30,47819000.000000015
2023-03-30,47819000.000000015
2023-03-30,47819000.000000015
2023-03-30,47819000.000000015
2023-03-30,47819000.000000015
2023-03-30,47819000.000000015
2023-03-30,47819000.000000015
2023-03-30,47819000.000000015
2023-03-30,47819000.000000015
2023-03-30,47572000.000000015
2023-03-30,47572000.000000015
2023-03-30,47572000.000000015
2023-03-30,47572000.000000015
2023-03-30,47572000.000000015
2023-03-30,47572000.000000015
2023-03-30,47572000.000000015
2023-03-30,47572000.000000015
2023-03-30,47572000.000000015
2023-03-30,47572000.000000015
2023-03-30,47572000.000000015
2023-03-30,47572000.000000015
2023-03-30,47572000.000000015
2023-03-30,47572000.000000015
2023-03-31,47572000.000000015
2023-03-31,47572000.000000015
2023-03-31,47572000.000000015
2023-03-31,47572000.000000015
2023-03-31,47572000.000000015
2023-03-31,47572000.000000015
2023-03-31,47572000.000000015
2023-03-31,47572000.000000015
2023-03-31,47572000.000000015
2023-03-31,47572000.000000015
2023-03-31,47765000.000000015
2023-03-31,47765000.000000015
2023-03-31,47765000.000000015
2023-03-31,47765000.000000015
2023-03-31,47765000.000000015
2023-03-31,47765000.000000015
2023-03-31,47765000.000000015
2023-03-31,47765000.000000015
2023-03-31,47765000.000000015
2023-03-31,47765000.000000015
2023-03-31,47765000.000000015
2023-03-31,47765000.000000015
2023-03-31,47765000.000000015
2023-03-31,47765000.000000015
2023-03-31,47765000.000000015
2023-03-31,47765000.000000015
2023-03-31,47765000.000000015
2023-03-31,47765000.000000015
2023-03-31,47765000.000000015
2023-03-31,47765000.000000015
2023-03-31,47765000.000000015
2023-03-31,47765000.000000015
2023-03-31,47765000.000000015
2023-03-31,47748000.000000015
2023-03-31,47748000.000000015
2023-03-31,47748000.000000015
2023-03-31,47748000.000000015
2023-03-31,47748000.000000015
2023-03-31,47748000.000000015
2023-03-31,47748000.000000015
2023-03-31,47748000.000000015
2023-03-31,47748000.000000015
2023-03-31,47748000.000000015
2023-03-31,47748000.000000015
2023-03-31,47748000.000000015
2023-03-31,47748000.000000015
2023-03-31,47748000.000000015
2023-03-31,47491000.000000015
2023-04-03,47491000.000000015
2023-04-03,47134000.000000015
2023-04-03,47134000.000000015
2023-04-03,47134000.000000015
2023-04-03,47134000.000000015
2023-04-03,47134000.000000015
2023-04-03,47134000.000000015
2023-04-03,47134000.000000015
2023-04-03,47134000.000000015
2023-04-03,47134000.000000015
2023-04-03,47134000.000000015
2023-04-03,47134000.000000015
2023-04-03,47134000.000000015
2023-04-03,47134000.000000015
2023-04-03,47134000.000000015
2023-04-03,47134000.000000015
2023-04-03,47134000.000000015
2023-04-03,47134000.000000015
2023-04-03,47134000.000000015
2023-04-03,47134000.000000015
2023-04-03,47134000.000000015
2023-04-03,47134000.000000015
2023-04-03,47134000.000000015
2023-04-03,47134000.000000015
2023-04-03,47134000.000000015
2023-04-03,47134000.000000015
2023-04-03,47134000.000000015
2023-04-03,47287000.000000015
2023-04-03,47287000.000000015
2023-04-03,47287000.000000015
2023-04-03,47287000.000000015
2023-04-03,47287000.000000015
2023-04-03,47287000.000000015
2023-04-03,47287000.000000015
2023-04-03,47287000.000000015
2023-04-03,47287000.000000015
2023-04-03,47287000.000000015
2023-04-03,47287000.000000015
2023-04-03,47287000.000000015
2023-04-03,47287000.000000015
2023-04-03,47287000.000000015
2023-04-03,47287000.000000015
2023-04-03,47287000.000000015
2023-04-03,47287000.000000015
2023-04-03,47287000.000000015
2023-04-03,47287000.000000015
2023-04-03,47287000.000000015
2023-04-03,47287000.000000015
2023-04-03,47287000.000000015
2023-04-04,47287000.000000015
2023-04-04,47287000.000000015
2023-04-04,47287000.000000015
2023-04-04,47020000.000000015
2023-04-04,47020000.000000015
2023-04-04,47020000.000000015
2023-04-04,47020000.000000015
2023-04-04,47020000.000000015
2023-04-04,47020000.000000015
2023-04-04,47020000.000000015
2023-04-04,47020000.000000015
2023-04-04,47020000.000000015
2023-04-04,47020000.000000015
2023-04-04,47020000.000000015
2023-04-04,47020000.000000015
2023-04-04,47020000.000000015
2023-04-04,47020000.000000015
2023-04-04,47020000.000000015
2023-04-04,47020000.000000015
2023-04-04,47020000.000000015
2023-04-04,47020000.000000015
2023-04-04,47020000.000000015
2023-04-04,47020000.000000015
2023-04-04,47020000.000000015
2023-04-04,47020000.000000015
2023-04-04,47020000.000000015
2023-04-04,47020000.000000015
2023-04-04,47020000.000000015
2023-04-04,47020000.000000015
2023-04-04,46843000.000000015
2023-04-04,46843000.000000015
2023-04-04,46843000.000000015
2023-04-04,46843000.000000015
2023-04-04,46843000.000000015
2023-04-04,46843000.000000015
2023-04-04,46843000.000000015
2023-04-04,46843000.000000015
2023-04-04,46843000.000000015
2023-04-04,46843000.000000015
2023-04-04,46843000.000000015
2023-04-04,46843000.000000015
2023-04-04,46843000.000000015
2023-04-04,46843000.000000015
2023-04-04,46843000.000000015
2023-04-04,46843000.000000015
2023-04-04,46926000.000000015
2023-04-04,46926000.000000015
2023-04-04,46926000.000000015
2023-04-04,46926000.000000015
2023-04-05,46449000.000000015
2023-04-05,46449000.000000015
2023-04-05,46449000.000000015
2023-04-05,46449000.000000015
2023-04-05,46449000.000000015
2023-04-05,46449000.000000015
2023-04-05,46449000.000000015
2023-04-05,46449000.000000015
2023-04-05,46449000.000000015
2023-04-05,46449000.000000015
2023-04-05,46449000.000000015
2023-04-05,46449000.000000015
2023-04-05,46449000.000000015
2023-04-05,46222000.000000015
2023-04-05,46222000.000000015
2023-04-05,46222000.000000015
2023-04-05,46222000.000000015
2023-04-05,46222000.000000015
2023-04-05,46222000.000000015
2023-04-05,46222000.000000015
2023-04-05,46222000.000000015
2023-04-05,46222000.000000015
2023-04-05,46222000.000000015
2023-04-05,46222000.000000015
2023-04-05,46222000.000000015
2023-04-05,46115000.000000015
2023-04-05,46115000.000000015
2023-04-05,46115000.000000015
2023-04-05,46115000.000000015
2023-04-05,46115000.000000015
2023-04-05,46115000.000000015
2023-04-05,46115000.000000015
2023-04-05,46115000.000000015
2023-04-05,46115000.000000015
2023-04-05,46115000.000000015
2023-04-05,45958000.000000015
2023-04-05,45958000.000000015
2023-04-05,45958000.000000015
2023-04-05,45958000.000000015
2023-04-05,45958000.000000015
2023-04-05,45958000.000000015
2023-04-05,45958000.000000015
2023-04-05,45811000.000000015
2023-04-05,45811000.000000015
2023-04-05,45811000.000000015
2023-04-05,45811000.000000015
2023-04-05,45811000.000000015
2023-04-05,45811000.000000015
2023-04-05,45811000.000000015
2023-04-06,45811000.000000015
2023-04-06,45811000.000000015
2023-04-06,45811000.000000015
2023-04-06,45811000.000000015
2023-04-06,45811000.000000015
2023-04-06,45811000.000000015
2023-04-06,45811000.000000015
2023-04-06,45811000.000000015
2023-04-06,45811000.000000015
2023-04-06,45811000.000000015
2023-04-06,45811000.000000015
2023-04-06,45811000.000000015
2023-04-06,45811000.000000015
2023-04-06,45811000.000000015
2023-04-06,45811000.000000015
2023-04-06,45811000.000000015
2023-04-06,45811000.000000015
2023-04-06,45811000.000000015
2023-04-06,45811000.000000015
2023-04-06,45811000.000000015
2023-04-06,45811000.000000015
2023-04-06,45811000.000000015
2023-04-06,45811000.000000015
2023-04-06,45811000.000000015
2023-04-06,45811000.000000015
2023-04-06,45811000.000000015
2023-04-06,45811000.000000015
2023-04-06,45811000.000000015
2023-04-06,45811000.000000015
2023-04-06,45811000.000000015
2023-04-06,45811000.000000015
2023-04-06,45811000.000000015
2023-04-06,45811000.000000015
2023-04-06,45811000.000000015
2023-04-06,45811000.000000015
2023-04-06,45811000.000000015
2023-04-06,45811000.000000015
2023-04-06,45811000.000000015
2023-04-06,45811000.000000015
2023-04-06,45811000.000000015
2023-04-06,45811000.000000015
2023-04-06,45811000.000000015
2023-04-06,45811000.000000015
2023-04-06,45811000.000000015
2023-04-06,46074000.000000015
2023-04-06,46074000.000000015
2023-04-06,46074000.000000015
2023-04-06,46074000.000000015
2023-04-06,46074000.000000015
2023-04-07,46074000.000000015
2023-04-07,46074000.000000015
2023-04-07,46074000.000000015
2023-04-07,46074000.000000015
2023-04-07,46074000.000000015
2023-04-07,46074000.000000015
2023-04-07,46074000.000000015
2023-04-07,46074000.000000015
2023-04-07,46074000.000000015
2023-04-07,46074000.000000015
2023-04-07,46074000.000000015
2023-04-07,46074000.000000015
2023-04-07,46074000.000000015
2023-04-07,46074000.000000015
2023-04-07,46074000.000000015
2023-04-07,46074000.000000015
2023-04-07,46074000.000000015
2023-04-07,46074000.000000015
2023-04-07,46074000.000000015
2023-04-07,46074000.000000015
2023-04-07,46074000.000000015
2023-04-07,46074000.000000015
2023-04-07,46074000.000000015
2023-04-07,46074000.000000015
2023-04-07,46074000.000000015
2023-04-07,46074000.000000015
2023-04-07,46074000.000000015
2023-04-07,46074000.000000015
2023-04-07,46074000.000000015
2023-04-07,46074000.000000015
2023-04-07,46074000.000000015
2023-04-07,46074000.000000015
2023-04-07,46074000.000000015
2023-04-07,46074000.000000015
2023-04-07,46074000.000000015
2023-04-07,46074000.000000015
2023-04-07,46074000.000000015
2023-04-07,46074000.000000015
2023-04-07,46074000.000000015
2023-04-07,46074000.000000015
2023-04-07,47107000.000000015
2023-04-07,47107000.000000015
2023-04-07,47107000.000000015
2023-04-07,47107000.000000015
2023-04-07,47107000.000000015
2023-04-07,47107000.000000015
2023-04-07,47107000.000000015
2023-04-07,47107000.000000015
2023-04-10,47107000.000000015
2023-04-10,47107000.000000015
2023-04-10,47107000.000000015
2023-04-10,47107000.000000015
2023-04-10,47107000.000000015
2023-04-10,47107000.000000015
2023-04-10,47107000.000000015
2023-04-10,47107000.000000015
2023-04-10,47107000.000000015
2023-04-10,47107000.000000015
2023-04-10,47107000.000000015
2023-04-10,47107000.000000015
2023-04-10,47107000.000000015
2023-04-10,47107000.000000015
2023-04-10,47107000.000000015
2023-04-10,47107000.000000015
2023-04-10,47107000.000000015
2023-04-10,47107000.000000015
2023-04-10,47107000.000000015
2023-04-10,47107000.000000015
2023-04-10,47107000.000000015
2023-04-10,47107000.000000015
2023-04-10,47107000.000000015
2023-04-10,47107000.000000015
2023-04-10,47107000.000000015
2023-04-10,47107000.000000015
2023-04-10,47107000.000000015
2023-04-10,47107000.000000015
2023-04-10,47107000.000000015
2023-04-10,47010000.000000015
2023-04-10,47010000.000000015
2023-04-10,47010000.000000015
2023-04-10,47010000.000000015
2023-04-10,47010000.000000015
2023-04-10,47010000.000000015
2023-04-10,47010000.000000015
2023-04-10,47010000.000000015
2023-04-10,47010000.000000015
2023-04-10,46843000.000000015
2023-04-10,46843000.000000015
2023-04-10,46843000.000000015
2023-04-10,46843000.000000015
2023-04-10,46843000.000000015
2023-04-10,46843000.000000015
2023-04-10,46843000.000000015
2023-04-10,46843000.000000015
2023-04-10,46843000.000000015
2023-04-10,46843000.000000015
2023-04-11,46843000.000000015
2023-04-11,46843000.000000015
2023-04-11,46843000.000000015
2023-04-11,46843000.000000015
2023-04-11,46843000.000000015
2023-04-11,46843000.000000015
2023-04-11,46843000.000000015
2023-04-11,46843000.000000015
2023-04-11,46843000.000000015
2023-04-11,46843000.000000015
2023-04-11,46843000.000000015
2023-04-11,46843000.000000015
2023-04-11,46843000.000000015
2023-04-11,46843000.000000015
2023-04-11,46843000.000000015
2023-04-11,46843000.000000015
2023-04-11,46843000.000000015
2023-04-11,46843000.000000015
2023-04-11,46843000.000000015
2023-04-11,46843000.000000015
2023-04-11,46843000.000000015
2023-04-11,46843000.000000015
2023-04-11,46843000.000000015
2023-04-11,46843000.000000015
2023-04-11,46843000.000000015
2023-04-11,46843000.000000015
2023-04-11,46843000.000000015
2023-04-11,46843000.000000015
2023-04-11,46843000.000000015
2023-04-11,46843000.000000015
2023-04-11,46843000.000000015
2023-04-11,46843000.000000015
2023-04-11,46843000.000000015
2023-04-11,47376000.000000015
2023-04-11,47376000.000000015
2023-04-11,47376000.000000015
2023-04-11,47376000.000000015
2023-04-11,47376000.000000015
2023-04-11,47376000.000000015
2023-04-11,47376000.000000015
2023-04-11,47376000.000000015
2023-04-11,47376000.000000015
2023-04-11,47376000.000000015
2023-04-11,47376000.000000015
2023-04-11,47376000.000000015
2023-04-11,47376000.000000015
2023-04-11,47376000.000000015
2023-04-11,47376000.000000015
2023-04-12,47376000.000000015
2023-04-12,47376000.000000015
2023-04-12,47376000.000000015
2023-04-12,47376000.000000015
2023-04-12,47376000.000000015
2023-04-12,47376000.000000015
2023-04-12,47376000.000000015
2023-04-12,47376000.000000015
2023-04-12,47376000.000000015
2023-04-12,47376000.000000015
2023-04-12,47376000.000000015
2023-04-12,47376000.000000015
2023-04-12,47376000.000000015
2023-04-12,47609000.000000015
2023-04-12,47609000.000000015
2023-04-12,47609000.000000015
2023-04-12,47609000.000000015
2023-04-12,47609000.000000015
2023-04-12,47609000.000000015
2023-04-12,47609000.000000015
2023-04-12,47609000.000000015
2023-04-12,47609000.000000015
2023-04-12,47609000.000000015
2023-04-12,47609000.000000015
2023-04-12,47609000.000000015
2023-04-12,47609000.000000015
2023-04-12,47609000.000000015
2023-04-12,47609000.000000015
2023-04-12,47609000.000000015
2023-04-12,47609000.000000015
2023-04-12,47609000.000000015
2023-04-12,47609000.000000015
2023-04-12,47609000.000000015
2023-04-12,47609000.000000015
2023-04-12,47609000.000000015
2023-04-12,47609000.000000015
2023-04-12,47609000.000000015
2023-04-12,47609000.000000015
2023-04-12,47609000.000000015
2023-04-12,47609000.000000015
2023-04-12,47609000.000000015
2023-04-12,47609000.000000015
2023-04-12,47609000.000000015
2023-04-12,47609000.000000015
2023-04-12,47609000.000000015
2023-04-12,47442000.000000015
2023-04-12,47442000.000000015
2023-04-12,47442000.000000015
2023-04-12,47442000.000000015
2023-04-13,47145000.000000015
2023-04-13,47145000.000000015
2023-04-13,47145000.000000015
2023-04-13,47145000.000000015
2023-04-13,47145000.000000015
2023-04-13,47145000.000000015
2023-04-13,47145000.000000015
2023-04-13,47145000.000000015
2023-04-13,47145000.000000015
2023-04-13,47145000.000000015
2023-04-13,47145000.000000015
2023-04-13,47145000.000000015
2023-04-13,47145000.000000015
2023-04-13,47145000.000000015
2023-04-13,47145000.000000015
2023-04-13,47145000.000000015
2023-04-13,47145000.000000015
2023-04-13,47145000.000000015
2023-04-13,47145000.000000015
2023-04-13,47145000.000000015
2023-04-13,47145000.000000015
2023-04-13,47145000.000000015
2023-04-13,47145000.000000015
2023-04-13,47145000.000000015
2023-04-13,47145000.000000015
2023-04-13,47145000.000000015
2023-04-13,47145000.000000015
2023-04-13,47145000.000000015
2023-04-13,47145000.000000015
2023-04-13,47145000.000000015
2023-04-13,47145000.000000015
2023-04-13,47145000.000000015
2023-04-13,47145000.000000015
2023-04-13,47145000.000000015
2023-04-13,47145000.000000015
2023-04-13,47145000.000000015
2023-04-13,47145000.000000015
2023-04-13,47145000.000000015
2023-04-13,47145000.000000015
2023-04-13,47145000.000000015
2023-04-13,47145000.000000015
2023-04-13,47145000.000000015
2023-04-13,47145000.000000015
2023-04-13,47258000.000000015
2023-04-13,47258000.000000015
2023-04-13,47071000.000000015
2023-04-13,47071000.000000015
2023-04-13,47071000.000000015
2023-04-13,47071000.000000015
2023-04-14,47071000.000000015
2023-04-14,47071000.000000015
2023-04-14,47071000.000000015
2023-04-14,47071000.000000015
2023-04-14,47071000.000000015
2023-04-14,47071000.000000015
2023-04-14,47071000.000000015
2023-04-14,47071000.000000015
2023-04-14,47071000.000000015
2023-04-14,47071000.000000015
2023-04-14,47071000.000000015
2023-04-14,47071000.000000015
2023-04-14,47071000.000000015
2023-04-14,47071000.000000015
2023-04-14,47071000.000000015
2023-04-14,47071000.000000015
2023-04-14,47071000.000000015
2023-04-14,47071000.000000015
2023-04-14,47071000.000000015
2023-04-14,47071000.000000015
2023-04-14,47071000.000000015
2023-04-14,47071000.000000015
2023-04-14,47071000.000000015
2023-04-14,46854000.000000015
2023-04-14,46854000.000000015
2023-04-14,46854000.000000015
2023-04-14,46854000.000000015
2023-04-14,46854000.000000015
2023-04-14,46854000.000000015
2023-04-14,46854000.000000015
2023-04-14,46854000.000000015
2023-04-14,46854000.000000015
2023-04-14,46854000.000000015
2023-04-14,46854000.000000015
2023-04-14,46854000.000000015
2023-04-14,46854000.000000015
2023-04-14,46854000.000000015
2023-04-14,46854000.000000015
2023-04-14,46854000.000000015
2023-04-14,46854000.000000015
2023-04-14,46854000.000000015
2023-04-14,46854000.000000015
2023-04-14,46854000.000000015
2023-04-14,46867000.000000015
2023-04-14,46867000.000000015
2023-04-14,46867000.000000015
2023-04-14,46867000.000000015
2023-04-14,46867000.000000015
2023-04-14,46867000.000000015
2023-04-17,46867000.000000015
2023-04-17,46867000.000000015
2023-04-17,46867000.000000015
2023-04-17,46867000.000000015
2023-04-17,46867000.000000015
2023-04-17,46867000.000000015
2023-04-17,46867000.000000015
2023-04-17,46867000.000000015
2023-04-17,46867000.000000015
2023-04-17,46867000.000000015
2023-04-17,46867000.000000015
2023-04-17,46867000.000000015
2023-04-17,46867000.000000015
2023-04-17,46867000.000000015
2023-04-17,46867000.000000015
2023-04-17,46867000.000000015
2023-04-17,46867000.000000015
2023-04-17,46867000.000000015
2023-04-17,46867000.000000015
2023-04-17,46867000.000000015
2023-04-17,46867000.000000015
2023-04-17,46867000.000000015
2023-04-17,46867000.000000015
2023-04-17,46867000.000000015
2023-04-17,46867000.000000015
2023-04-17,46867000.000000015
2023-04-17,46867000.000000015
2023-04-17,46867000.000000015
2023-04-17,46867000.000000015
2023-04-17,46780000.000000015
2023-04-17,46780000.000000015
2023-04-17,46780000.000000015
2023-04-17,46780000.000000015
2023-04-17,46780000.000000015
2023-04-17,46780000.000000015
2023-04-17,46780000.000000015
2023-04-17,46593000.000000015
2023-04-17,46593000.000000015
2023-04-17,46593000.000000015
2023-04-17,46593000.000000015
2023-04-17,46593000.000000015
2023-04-17,46593000.000000015
2023-04-17,46593000.000000015
2023-04-17,46593000.000000015
2023-04-17,46593000.000000015
2023-04-17,46466000.000000015
2023-04-17,46466000.000000015
2023-04-17,46466000.000000015
2023-04-17,46466000.000000015
2023-04-18,46466000.000000015
2023-04-18,46466000.000000015
2023-04-18,46466000.000000015
2023-04-18,46466000.000000015
2023-04-18,46466000.000000015
2023-04-18,46466000.000000015
2023-04-18,46466000.000000015
2023-04-18,46466000.000000015
2023-04-18,46466000.000000015
2023-04-18,46339000.000000015
2023-04-18,46339000.000000015
2023-04-18,46339000.000000015
2023-04-18,46339000.000000015
2023-04-18,46339000.000000015
2023-04-18,46339000.000000015
2023-04-18,46339000.000000015
2023-04-18,46339000.000000015
2023-04-18,46339000.000000015
2023-04-18,46339000.000000015
2023-04-18,46339000.000000015
2023-04-18,46339000.000000015
2023-04-18,46339000.000000015
2023-04-18,46339000.000000015
2023-04-18,46339000.000000015
2023-04-18,46339000.000000015
2023-04-18,46339000.000000015
2023-04-18,46339000.000000015
2023-04-18,46339000.000000015
2023-04-18,46339000.000000015
2023-04-18,46339000.000000015
2023-04-18,46312000.000000015
2023-04-18,46312000.000000015
2023-04-18,46312000.000000015
2023-04-18,46312000.000000015
2023-04-18,46312000.000000015
2023-04-18,46312000.000000015
2023-04-18,46312000.000000015
2023-04-18,46312000.000000015
2023-04-18,46312000.000000015
2023-04-18,46312000.000000015
2023-04-18,46312000.000000015
2023-04-18,46312000.000000015
2023-04-18,46312000.000000015
2023-04-18,46165000.000000015
2023-04-18,46165000.000000015
2023-04-18,46165000.000000015
2023-04-18,45958000.000000015
2023-04-18,45958000.000000015
2023-04-18,45958000.000000015
2023-04-19,45958000.000000015
2023-04-19,45958000.000000015
2023-04-19,45958000.000000015
2023-04-19,45958000.000000015
2023-04-19,45958000.000000015
2023-04-19,45958000.000000015
2023-04-19,45958000.000000015
2023-04-19,45958000.000000015
2023-04-19,45871000.000000015
2023-04-19,45871000.000000015
2023-04-19,45871000.000000015
2023-04-19,45871000.000000015
2023-04-19,45764000.000000015
2023-04-19,45764000.000000015
2023-04-19,45764000.000000015
2023-04-19,45764000.000000015
2023-04-19,45764000.000000015
2023-04-19,45764000.000000015
2023-04-19,45764000.000000015
2023-04-19,45764000.000000015
2023-04-19,45764000.000000015
2023-04-19,45764000.000000015
2023-04-19,45764000.000000015
2023-04-19,45764000.000000015
2023-04-19,45764000.000000015
2023-04-19,45647000.000000015
2023-04-19,45647000.000000015
2023-04-19,45647000.000000015
2023-04-19,45647000.000000015
2023-04-19,45647000.000000015
2023-04-19,45647000.000000015
2023-04-19,45647000.000000015
2023-04-19,45647000.000000015
2023-04-19,45647000.000000015
2023-04-19,45647000.000000015
2023-04-19,45647000.000000015
2023-04-19,45647000.000000015
2023-04-19,45647000.000000015
2023-04-19,45647000.000000015
2023-04-19,45647000.000000015
2023-04-19,45647000.000000015
2023-04-19,45647000.000000015
2023-04-19,45647000.000000015
2023-04-19,45647000.000000015
2023-04-19,45647000.000000015
2023-04-19,45647000.000000015
2023-04-19,45647000.000000015
2023-04-19,45647000.000000015
2023-04-19,45647000.000000015
2023-04-20,45647000.000000015
2023-04-20,45647000.000000015
2023-04-20,45647000.000000015
2023-04-20,45647000.000000015
2023-04-20,45647000.000000015
2023-04-20,46430000.000000015
2023-04-20,46430000.000000015
2023-04-20,46430000.000000015
2023-04-20,46430000.000000015
2023-04-20,46430000.000000015
2023-04-20,46430000.000000015
2023-04-20,46430000.000000015
2023-04-20,46430000.000000015
2023-04-20,46430000.000000015
2023-04-20,46430000.000000015
2023-04-20,46430000.000000015
2023-04-20,46430000.000000015
2023-04-20,46430000.000000015
2023-04-20,46430000.000000015
2023-04-20,46430000.000000015
2023-04-20,46430000.000000015
2023-04-20,46430000.000000015
2023-04-20,46430000.000000015
2023-04-20,46430000.000000015
2023-04-20,46430000.000000015
2023-04-20,46430000.000000015
2023-04-20,46430000.000000015
2023-04-20,46430000.000000015
2023-04-20,46430000.000000015
2023-04-20,46430000.000000015
2023-04-20,46430000.000000015
2023-04-20,46430000.000000015
2023-04-20,46430000.000000015
2023-04-20,46430000.000000015
2023-04-20,46430000.000000015
2023-04-20,46430000.000000015
2023-04-20,46430000.000000015
2023-04-20,46430000.000000015
2023-04-20,46430000.000000015
2023-04-20,46430000.000000015
2023-04-20,46430000.000000015
2023-04-20,46430000.000000015
2023-04-20,46430000.000000015
2023-04-20,46643000.000000015
2023-04-20,46643000.000000015
2023-04-20,46226000.000000015
2023-04-20,46226000.000000015
2023-04-20,46226000.000000015
2023-04-20,46226000.000000015
2023-04-21,46226000.000000015
2023-04-21,46226000.000000015
2023-04-21,46226000.000000015
2023-04-21,46226000.000000015
2023-04-21,46226000.000000015
2023-04-21,46226000.000000015
2023-04-21,46226000.000000015
2023-04-21,46226000.000000015
2023-04-21,46226000.000000015
2023-04-21,46226000.000000015
2023-04-21,46226000.000000015
2023-04-21,46226000.000000015
2023-04-21,46226000.000000015
2023-04-21,46226000.000000015
2023-04-21,46226000.000000015
2023-04-21,46226000.000000015
2023-04-21,46226000.000000015
2023-04-21,46226000.000000015
2023-04-21,46226000.000000015
2023-04-21,46226000.000000015
2023-04-21,46226000.000000015
2023-04-21,46226000.000000015
2023-04-21,46226000.000000015
2023-04-21,46226000.000000015
2023-04-21,46226000.000000015
2023-04-21,46226000.000000015
2023-04-21,46226000.000000015
2023-04-21,46226000.000000015
2023-04-21,46226000.000000015
2023-04-21,46226000.000000015
2023-04-21,46226000.000000015
2023-04-21,46226000.000000015
2023-04-21,46226000.000000015
2023-04-21,46226000.000000015
2023-04-21,46226000.000000015
2023-04-21,46226000.000000015
2023-04-21,46226000.000000015
2023-04-21,46226000.000000015
2023-04-21,46226000.000000015
2023-04-21,46226000.000000015
2023-04-21,46226000.000000015
2023-04-21,46226000.000000015
2023-04-21,46226000.000000015
2023-04-21,46226000.000000015
2023-04-21,46226000.000000015
2023-04-21,46226000.000000015
2023-04-21,46226000.000000015
2023-04-21,46226000.000000015
2023-04-24,46226000.000000015
2023-04-24,46226000.000000015
2023-04-24,46226000.000000015
2023-04-24,46226000.000000015
2023-04-24,46226000.000000015
2023-04-24,46226000.000000015
2023-04-24,46226000.000000015
2023-04-24,46226000.000000015
2023-04-24,46226000.000000015
2023-04-24,46226000.000000015
2023-04-24,46226000.000000015
2023-04-24,46226000.000000015
2023-04-24,46226000.000000015
2023-04-24,46226000.000000015
2023-04-24,46226000.000000015
2023-04-24,46226000.000000015
2023-04-24,46226000.000000015
2023-04-24,46226000.000000015
2023-04-24,46226000.000000015
2023-04-24,46226000.000000015
2023-04-24,46226000.000000015
2023-04-24,46226000.000000015
2023-04-24,46226000.000000015
2023-04-24,46226000.000000015
2023-04-24,46309000.000000015
2023-04-24,46309000.000000015
2023-04-24,46309000.000000015
2023-04-24,46309000.000000015
2023-04-24,46309000.000000015
2023-04-24,46309000.000000015
2023-04-24,46309000.000000015
2023-04-24,46309000.000000015
2023-04-24,46309000.000000015
2023-04-24,46309000.000000015
2023-04-24,46309000.000000015
2023-04-24,46309000.000000015
2023-04-24,46309000.000000015
2023-04-24,46052000.000000015
2023-04-24,46052000.000000015
2023-04-24,46052000.000000015
2023-04-24,46052000.000000015
2023-04-24,46052000.000000015
2023-04-24,46052000.000000015
2023-04-24,46052000.000000015
2023-04-24,45825000.000000015
2023-04-24,45825000.000000015
2023-04-24,45825000.000000015
2023-04-24,45825000.000000015
2023-04-24,45825000.000000015
2023-04-25,45825000.000000015
2023-04-25,45825000.000000015
2023-04-25,45825000.000000015
2023-04-25,45825000.000000015
2023-04-25,45825000.000000015
2023-04-25,45825000.000000015
2023-04-25,45825000.000000015
2023-04-25,45825000.000000015
2023-04-25,45825000.000000015
2023-04-25,45825000.000000015
2023-04-25,45825000.000000015
2023-04-25,45825000.000000015
2023-04-25,45825000.000000015
2023-04-25,45825000.000000015
2023-04-25,45825000.000000015
2023-04-25,45825000.000000015
2023-04-25,45688000.000000015
2023-04-25,45688000.000000015
2023-04-25,45688000.000000015
2023-04-25,45688000.000000015
2023-04-25,45688000.000000015
2023-04-25,45688000.000000015
2023-04-25,45688000.000000015
2023-04-25,45688000.000000015
2023-04-25,45688000.000000015
2023-04-25,45688000.000000015
2023-04-25,45688000.000000015
2023-04-25,45688000.000000015
2023-04-25,45688000.000000015
2023-04-25,45688000.000000015
2023-04-25,45688000.000000015
2023-04-25,45688000.000000015
2023-04-25,45688000.000000015
2023-04-25,45688000.000000015
2023-04-25,45688000.000000015
2023-04-25,45688000.000000015
2023-04-25,45688000.000000015
2023-04-25,45688000.000000015
2023-04-25,45688000.000000015
2023-04-25,45688000.000000015
2023-04-25,45688000.000000015
2023-04-25,45688000.000000015
2023-04-25,45688000.000000015
2023-04-25,45688000.000000015
2023-04-25,45688000.000000015
2023-04-25,45688000.000000015
2023-04-25,45688000.000000015
2023-04-25,45688000.000000015
2023-04-25,45688000.000000015
2023-04-26,45688000.000000015
2023-04-26,45688000.000000015
2023-04-26,45688000.000000015
2023-04-26,45688000.000000015
2023-04-26,45688000.000000015
2023-04-26,45688000.000000015
2023-04-26,45688000.000000015
2023-04-26,45688000.000000015
2023-04-26,45688000.000000015
2023-04-26,45688000.000000015
2023-04-26,45688000.000000015
2023-04-26,45688000.000000015
2023-04-26,45688000.000000015
2023-04-26,45688000.000000015
2023-04-26,45688000.000000015
2023-04-26,45688000.000000015
2023-04-26,45688000.000000015
2023-04-26,45688000.000000015
2023-04-26,45688000.000000015
2023-04-26,45688000.000000015
2023-04-26,45688000.000000015
2023-04-26,45688000.000000015
2023-04-26,47011000.000000015
2023-04-26,47011000.000000015
2023-04-26,47011000.000000015
2023-04-26,47011000.000000015
2023-04-26,47011000.000000015
2023-04-26,47011000.000000015
2023-04-26,47011000.000000015
2023-04-26,47011000.000000015
2023-04-26,47011000.000000015
2023-04-26,47011000.000000015
2023-04-26,47011000.000000015
2023-04-26,47011000.000000015
2023-04-26,47011000.000000015
2023-04-26,47011000.000000015
2023-04-26,47011000.000000015
2023-04-26,47011000.000000015
2023-04-26,47011000.000000015
2023-04-26,47011000.000000015
2023-04-26,47011000.000000015
2023-04-26,47011000.000000015
2023-04-26,47011000.000000015
2023-04-26,47011000.000000015
2023-04-26,47011000.000000015
2023-04-26,47011000.000000015
2023-04-26,47011000.000000015
2023-04-26,47011000.000000015
2023-04-26,47011000.000000015
2023-04-27,47011000.000000015
2023-04-27,47011000.000000015
2023-04-27,47011000.000000015
2023-04-27,47011000.000000015
2023-04-27,47011000.000000015
2023-04-27,47011000.000000015
2023-04-27,47011000.000000015
2023-04-27,47011000.000000015
2023-04-27,47011000.000000015
2023-04-27,47011000.000000015
2023-04-27,47011000.000000015
2023-04-27,47011000.000000015
2023-04-27,47011000.000000015
2023-04-27,47011000.000000015
2023-04-27,47011000.000000015
2023-04-27,47011000.000000015
2023-04-27,47234000.000000015
2023-04-27,47234000.000000015
2023-04-27,47234000.000000015
2023-04-27,47234000.000000015
2023-04-27,47234000.000000015
2023-04-27,47234000.000000015
2023-04-27,47234000.000000015
2023-04-27,47234000.000000015
2023-04-27,47234000.000000015
2023-04-27,47234000.000000015
2023-04-27,47234000.000000015
2023-04-27,47234000.000000015
2023-04-27,47234000.000000015
2023-04-27,47234000.000000015
2023-04-27,47234000.000000015
2023-04-27,47234000.000000015
2023-04-27,47234000.000000015
2023-04-27,47027000.000000015
2023-04-27,47027000.000000015
2023-04-27,47027000.000000015
2023-04-27,47027000.000000015
2023-04-27,47027000.000000015
2023-04-27,47027000.000000015
2023-04-27,47027000.000000015
2023-04-27,47027000.000000015
2023-04-27,47027000.000000015
2023-04-27,47027000.000000015
2023-04-27,47027000.000000015
2023-04-27,47027000.000000015
2023-04-27,47027000.000000015
2023-04-27,46870000.000000015
2023-04-27,46870000.000000015
2023-04-27,46870000.000000015
2023-04-28,46870000.000000015
2023-04-28,46870000.000000015
2023-04-28,46870000.000000015
2023-04-28,46870000.000000015
2023-04-28,46870000.000000015
2023-04-28,46870000.000000015
2023-04-28,46870000.000000015
2023-04-28,46870000.000000015
2023-04-28,46870000.000000015
2023-04-28,46870000.000000015
2023-04-28,46870000.000000015
2023-04-28,46870000.000000015
2023-04-28,46870000.000000015
2023-04-28,46870000.000000015
2023-04-28,46870000.000000015
2023-04-28,46870000.000000015
2023-04-28,46870000.000000015
2023-04-28,46870000.000000015
2023-04-28,46870000.000000015
2023-04-28,46870000.000000015
2023-04-28,46870000.000000015
2023-04-28,46870000.000000015
2023-04-28,46870000.000000015
2023-04-28,46783000.000000015
2023-04-28,46783000.000000015
2023-04-28,46783000.000000015
2023-04-28,46783000.000000015
2023-04-28,46783000.000000015
2023-04-28,46783000.000000015
2023-04-28,46783000.000000015
2023-04-28,46783000.000000015
2023-04-28,46783000.000000015
2023-04-28,46783000.000000015
2023-04-28,46783000.000000015
2023-04-28,46783000.000000015
2023-04-28,46783000.000000015
2023-04-28,46783000.000000015
2023-04-28,46783000.000000015
2023-04-28,46783000.000000015
2023-04-28,46783000.000000015
2023-04-28,46783000.000000015
2023-04-28,46783000.000000015
2023-04-28,46783000.000000015
2023-04-28,46783000.000000015
2023-04-28,46783000.000000015
2023-04-28,46783000.000000015
2023-04-28,46783000.000000015
2023-04-28,46783000.000000015
2023-05-04,46783000.000000015
2023-05-04,46783000.000000015
2023-05-04,46486000.000000015
2023-05-04,46486000.000000015
2023-05-04,46486000.000000015
2023-05-04,46486000.000000015
2023-05-04,46486000.000000015
2023-05-04,46486000.000000015
2023-05-04,46486000.000000015
2023-05-04,46486000.000000015
2023-05-04,46486000.000000015
2023-05-04,46486000.000000015
2023-05-04,46486000.000000015
2023-05-04,46486000.000000015
2023-05-04,46486000.000000015
2023-05-04,46486000.000000015
2023-05-04,46486000.000000015
2023-05-04,46486000.000000015
2023-05-04,46486000.000000015
2023-05-04,46486000.000000015
2023-05-04,46486000.000000015
2023-05-04,46486000.000000015
2023-05-04,46486000.000000015
2023-05-04,46486000.000000015
2023-05-04,46486000.000000015
2023-05-04,46486000.000000015
2023-05-04,46486000.000000015
2023-05-04,46619000.000000015
2023-05-04,46619000.000000015
2023-05-04,46619000.000000015
2023-05-04,46619000.000000015
2023-05-04,46619000.000000015
2023-05-04,46619000.000000015
2023-05-04,46619000.000000015
2023-05-04,46619000.000000015
2023-05-04,46619000.000000015
2023-05-04,46619000.000000015
2023-05-04,46619000.000000015
2023-05-04,46619000.000000015
2023-05-04,46619000.000000015
2023-05-04,46619000.000000015
2023-05-04,46482000.000000015
2023-05-04,46482000.000000015
2023-05-04,46482000.000000015
2023-05-04,46482000.000000015
2023-05-04,46482000.000000015
2023-05-04,46482000.000000015
2023-05-04,46482000.000000015
2023-05-04,46482000.000000015
2023-05-05,46482000.000000015
2023-05-05,46482000.000000015
2023-05-05,46482000.000000015
2023-05-05,46482000.000000015
2023-05-05,46482000.000000015
2023-05-05,46482000.000000015
2023-05-05,46482000.000000015
2023-05-05,46482000.000000015
2023-05-05,46482000.000000015
2023-05-05,46175000.000000015
2023-05-05,46175000.000000015
2023-05-05,46175000.000000015
2023-05-05,46175000.000000015
2023-05-05,46175000.000000015
2023-05-05,46175000.000000015
2023-05-05,46175000.000000015
2023-05-05,46175000.000000015
2023-05-05,46175000.000000015
2023-05-05,46175000.000000015
2023-05-05,46175000.000000015
2023-05-05,46175000.000000015
2023-05-05,46175000.000000015
2023-05-05,46175000.000000015
2023-05-05,46175000.000000015
2023-05-05,46175000.000000015
2023-05-05,46175000.000000015
2023-05-05,46175000.000000015
2023-05-05,46175000.000000015
2023-05-05,46175000.000000015
2023-05-05,46175000.000000015
2023-05-05,46175000.000000015
2023-05-05,46175000.000000015
2023-05-05,46175000.000000015
2023-05-05,46175000.000000015
2023-05-05,46098000.000000015
2023-05-05,46098000.000000015
2023-05-05,46098000.000000015
2023-05-05,46098000.000000015
2023-05-05,46098000.000000015
2023-05-05,46098000.000000015
2023-05-05,45851000.000000015
2023-05-05,45851000.000000015
2023-05-05,45851000.000000015
2023-05-05,45851000.000000015
2023-05-05,45851000.000000015
2023-05-05,45851000.000000015
2023-05-05,45851000.000000015
2023-05-05,45851000.000000015
2023-05-05,45851000.000000015
2023-05-08,45851000.000000015
2023-05-08,45851000.000000015
2023-05-08,45851000.000000015
2023-05-08,45851000.000000015
2023-05-08,45851000.000000015
2023-05-08,45851000.000000015
2023-05-08,45851000.000000015
2023-05-08,45851000.000000015
2023-05-08,45851000.000000015
2023-05-08,45851000.000000015
2023-05-08,45851000.000000015
2023-05-08,45851000.000000015
2023-05-08,45851000.000000015
2023-05-08,45851000.000000015
2023-05-08,45851000.000000015
2023-05-08,45851000.000000015
2023-05-08,45851000.000000015
2023-05-08,45851000.000000015
2023-05-08,45851000.000000015
2023-05-08,45851000.000000015
2023-05-08,45851000.000000015
2023-05-08,45851000.000000015
2023-05-08,45851000.000000015
2023-05-08,45851000.000000015
2023-05-08,45851000.000000015
2023-05-08,45851000.000000015
2023-05-08,45851000.000000015
2023-05-08,45851000.000000015
2023-05-08,45851000.000000015
2023-05-08,45934000.000000015
2023-05-08,45934000.000000015
2023-05-08,45934000.000000015
2023-05-08,45934000.000000015
2023-05-08,45934000.000000015
2023-05-08,45934000.000000015
2023-05-08,45934000.000000015
2023-05-08,46157000.000000015
2023-05-08,46157000.000000015
2023-05-08,46157000.000000015
2023-05-08,46157000.000000015
2023-05-08,46157000.000000015
2023-05-08,46157000.000000015
2023-05-08,46157000.000000015
2023-05-08,46157000.000000015
2023-05-08,46157000.000000015
2023-05-08,46157000.000000015
2023-05-08,46157000.000000015
2023-05-08,46157000.000000015
2023-05-08,46157000.000000015
2023-05-09,46157000.000000015
2023-05-09,46157000.000000015
2023-05-09,46157000.000000015
2023-05-09,46157000.000000015
2023-05-09,46157000.000000015
2023-05-09,46157000.000000015
2023-05-09,46157000.000000015
2023-05-09,46157000.000000015
2023-05-09,46157000.000000015
2023-05-09,46157000.000000015
2023-05-09,46157000.000000015
2023-05-09,46157000.000000015
2023-05-09,46157000.000000015
2023-05-09,46157000.000000015
2023-05-09,46157000.000000015
2023-05-09,46157000.000000015
2023-05-09,46157000.000000015
2023-05-09,46157000.000000015
2023-05-09,46157000.000000015
2023-05-09,46157000.000000015
2023-05-09,46370000.000000015
2023-05-09,46370000.000000015
2023-05-09,46370000.000000015
2023-05-09,46370000.000000015
2023-05-09,46370000.000000015
2023-05-09,46370000.000000015
2023-05-09,46370000.000000015
2023-05-09,46370000.000000015
2023-05-09,46370000.000000015
2023-05-09,46370000.000000015
2023-05-09,46370000.000000015
2023-05-09,46370000.000000015
2023-05-09,46370000.000000015
2023-05-09,46370000.000000015
2023-05-09,46370000.000000015
2023-05-09,46370000.000000015
2023-05-09,46370000.000000015
2023-05-09,46370000.000000015
2023-05-09,46370000.000000015
2023-05-09,46370000.000000015
2023-05-09,46370000.000000015
2023-05-09,46303000.000000015
2023-05-09,46303000.000000015
2023-05-09,46303000.000000015
2023-05-09,46303000.000000015
2023-05-09,46303000.000000015
2023-05-09,46303000.000000015
2023-05-09,46303000.000000015
2023-05-09,46303000.000000015
2023-05-10,46136000.000000015
2023-05-10,46136000.000000015
2023-05-10,46136000.000000015
2023-05-10,46136000.000000015
2023-05-10,46136000.000000015
2023-05-10,46136000.000000015
2023-05-10,46136000.000000015
2023-05-10,46136000.000000015
2023-05-10,46136000.000000015
2023-05-10,46136000.000000015
2023-05-10,46136000.000000015
2023-05-10,46136000.000000015
2023-05-10,46136000.000000015
2023-05-10,46136000.000000015
2023-05-10,46136000.000000015
2023-05-10,46136000.000000015
2023-05-10,46136000.000000015
2023-05-10,46136000.000000015
2023-05-10,46136000.000000015
2023-05-10,46136000.000000015
2023-05-10,46136000.000000015
2023-05-10,46136000.000000015
2023-05-10,46136000.000000015
2023-05-10,46136000.000000015
2023-05-10,46136000.000000015
2023-05-10,46136000.000000015
2023-05-10,46136000.000000015
2023-05-10,46136000.000000015
2023-05-10,46136000.000000015
2023-05-10,46136000.000000015
2023-05-10,46136000.000000015
2023-05-10,46136000.000000015
2023-05-10,46136000.000000015
2023-05-10,46136000.000000015
2023-05-10,46136000.000000015
2023-05-10,46136000.000000015
2023-05-10,46136000.000000015
2023-05-10,46136000.000000015
2023-05-10,46136000.000000015
2023-05-10,46136000.000000015
2023-05-10,46136000.000000015
2023-05-10,46136000.000000015
2023-05-10,46136000.000000015
2023-05-10,46136000.000000015
2023-05-10,46136000.000000015
2023-05-10,46136000.000000015
2023-05-10,46136000.000000015
2023-05-10,46136000.000000015
2023-05-11,46136000.000000015
2023-05-11,46136000.000000015
2023-05-11,46136000.000000015
2023-05-11,46136000.000000015
2023-05-11,46136000.000000015
2023-05-11,46136000.000000015
2023-05-11,46136000.000000015
2023-05-11,46136000.000000015
2023-05-11,46136000.000000015
2023-05-11,46136000.000000015
2023-05-11,46136000.000000015
2023-05-11,46136000.000000015
2023-05-11,46136000.000000015
2023-05-11,46136000.000000015
2023-05-11,46136000.000000015
2023-05-11,46136000.000000015
2023-05-11,46136000.000000015
2023-05-11,46136000.000000015
2023-05-11,46136000.000000015
2023-05-11,46136000.000000015
2023-05-11,46136000.000000015
2023-05-11,46136000.000000015
2023-05-11,46136000.000000015
2023-05-11,46136000.000000015
2023-05-11,46739000.000000015
2023-05-11,46739000.000000015
2023-05-11,46739000.000000015
2023-05-11,46739000.000000015
2023-05-11,46739000.000000015
2023-05-11,46739000.000000015
2023-05-11,46739000.000000015
2023-05-11,46739000.000000015
2023-05-11,46739000.000000015
2023-05-11,46739000.000000015
2023-05-11,46739000.000000015
2023-05-11,46739000.000000015
2023-05-11,46739000.000000015
2023-05-11,46739000.000000015
2023-05-11,46739000.000000015
2023-05-11,46739000.000000015
2023-05-11,46739000.000000015
2023-05-11,46739000.000000015
2023-05-11,46739000.000000015
2023-05-11,46739000.000000015
2023-05-11,46582000.000000015
2023-05-11,46582000.000000015
2023-05-11,46582000.000000015
2023-05-11,46582000.000000015
2023-05-12,46582000.000000015
2023-05-12,46582000.000000015
2023-05-12,46582000.000000015
2023-05-12,46582000.000000015
2023-05-12,46582000.000000015
2023-05-12,46582000.000000015
2023-05-12,46582000.000000015
2023-05-12,46582000.000000015
2023-05-12,46582000.000000015
2023-05-12,46582000.000000015
2023-05-12,46582000.000000015
2023-05-12,46582000.000000015
2023-05-12,46582000.000000015
2023-05-12,46582000.000000015
2023-05-12,46582000.000000015
2023-05-12,46315000.000000015
2023-05-12,46315000.000000015
2023-05-12,46315000.000000015
2023-05-12,46315000.000000015
2023-05-12,46315000.000000015
2023-05-12,46315000.000000015
2023-05-12,46315000.000000015
2023-05-12,46315000.000000015
2023-05-12,46315000.000000015
2023-05-12,46315000.000000015
2023-05-12,46315000.000000015
2023-05-12,46315000.000000015
2023-05-12,46315000.000000015
2023-05-12,46315000.000000015
2023-05-12,46315000.000000015
2023-05-12,46315000.000000015
2023-05-12,46315000.000000015
2023-05-12,46315000.000000015
2023-05-12,46315000.000000015
2023-05-12,46315000.000000015
2023-05-12,46315000.000000015
2023-05-12,46315000.000000015
2023-05-12,46218000.000000015
2023-05-12,46218000.000000015
2023-05-12,46218000.000000015
2023-05-12,46218000.000000015
2023-05-12,46218000.000000015
2023-05-12,46218000.000000015
2023-05-12,46218000.000000015
2023-05-12,46218000.000000015
2023-05-12,46218000.000000015
2023-05-12,46218000.000000015
2023-05-12,46218000.000000015
2023-05-12,46218000.000000015
2023-05-15,46218000.000000015
2023-05-15,46218000.000000015
2023-05-15,46218000.000000015
2023-05-15,46218000.000000015
2023-05-15,46218000.000000015
2023-05-15,46218000.000000015
2023-05-15,46218000.000000015
2023-05-15,46218000.000000015
2023-05-15,46218000.000000015
2023-05-15,46218000.000000015
2023-05-15,46218000.000000015
2023-05-15,46218000.000000015
2023-05-15,46218000.000000015
2023-05-15,46218000.000000015
2023-05-15,46218000.000000015
2023-05-15,46218000.000000015
2023-05-15,46218000.000000015
2023-05-15,46218000.000000015
2023-05-15,46218000.000000015
2023-05-15,47561000.000000015
2023-05-15,47561000.000000015
2023-05-15,47561000.000000015
2023-05-15,47561000.000000015
2023-05-15,47561000.000000015
2023-05-15,47561000.000000015
2023-05-15,47561000.000000015
2023-05-15,47561000.000000015
2023-05-15,47561000.000000015
2023-05-15,47561000.000000015
2023-05-15,47561000.000000015
2023-05-15,47561000.000000015
2023-05-15,47561000.000000015
2023-05-15,47561000.000000015
2023-05-15,47561000.000000015
2023-05-15,47561000.000000015
2023-05-15,47561000.000000015
2023-05-15,47561000.000000015
2023-05-15,47561000.000000015
2023-05-15,47561000.000000015
2023-05-15,47561000.000000015
2023-05-15,47561000.000000015
2023-05-15,47561000.000000015
2023-05-15,47334000.000000015
2023-05-15,47334000.000000015
2023-05-15,47334000.000000015
2023-05-15,47334000.000000015
2023-05-15,47334000.000000015
2023-05-15,47334000.000000015
2023-05-15,47334000.000000015
2023-05-16,47334000.000000015
2023-05-16,47334000.000000015
2023-05-16,47334000.000000015
2023-05-16,47334000.000000015
2023-05-16,47334000.000000015
2023-05-16,47334000.000000015
2023-05-16,47334000.000000015
2023-05-16,47334000.000000015
2023-05-16,47334000.000000015
2023-05-16,47334000.000000015
2023-05-16,47334000.000000015
2023-05-16,47334000.000000015
2023-05-16,47334000.000000015
2023-05-16,47334000.000000015
2023-05-16,47334000.000000015
2023-05-16,47334000.000000015
2023-05-16,47334000.000000015
2023-05-16,47334000.000000015
2023-05-16,47334000.000000015
2023-05-16,47334000.000000015
2023-05-16,47334000.000000015
2023-05-16,47187000.000000015
2023-05-16,47187000.000000015
2023-05-16,47187000.000000015
2023-05-16,47187000.000000015
2023-05-16,47187000.000000015
2023-05-16,47187000.000000015
2023-05-16,47187000.000000015
2023-05-16,47187000.000000015
2023-05-16,47187000.000000015
2023-05-16,47187000.000000015
2023-05-16,47187000.000000015
2023-05-16,47187000.000000015
2023-05-16,47187000.000000015
2023-05-16,47187000.000000015
2023-05-16,47187000.000000015
2023-05-16,47187000.000000015
2023-05-16,47187000.000000015
2023-05-16,47100000.000000015
2023-05-16,47100000.000000015
2023-05-16,47100000.000000015
2023-05-16,47100000.000000015
2023-05-16,47100000.000000015
2023-05-16,47100000.000000015
2023-05-16,47100000.000000015
2023-05-16,47100000.000000015
2023-05-16,47100000.000000015
2023-05-16,47100000.000000015
2023-05-17,47100000.000000015
2023-05-17,47100000.000000015
2023-05-17,47023000.000000015
2023-05-17,47023000.000000015
2023-05-17,47023000.000000015
2023-05-17,47023000.000000015
2023-05-17,47023000.000000015
2023-05-17,47023000.000000015
2023-05-17,46906000.000000015
2023-05-17,46906000.000000015
2023-05-17,46906000.000000015
2023-05-17,46906000.000000015
2023-05-17,46906000.000000015
2023-05-17,46906000.000000015
2023-05-17,46906000.000000015
2023-05-17,46906000.000000015
2023-05-17,46906000.000000015
2023-05-17,46906000.000000015
2023-05-17,46906000.000000015
2023-05-17,46906000.000000015
2023-05-17,46906000.000000015
2023-05-17,46906000.000000015
2023-05-17,46906000.000000015
2023-05-17,46906000.000000015
2023-05-17,46906000.000000015
2023-05-17,46906000.000000015
2023-05-17,46906000.000000015
2023-05-17,46906000.000000015
2023-05-17,46906000.000000015
2023-05-17,46906000.000000015
2023-05-17,46906000.000000015
2023-05-17,46906000.000000015
2023-05-17,46906000.000000015
2023-05-17,46906000.000000015
2023-05-17,46906000.000000015
2023-05-17,46906000.000000015
2023-05-17,46906000.000000015
2023-05-17,46906000.000000015
2023-05-17,46906000.000000015
2023-05-17,46906000.000000015
2023-05-17,46906000.000000015
2023-05-17,46689000.000000015
2023-05-17,46689000.000000015
2023-05-17,46689000.000000015
2023-05-17,46689000.000000015
2023-05-17,46689000.000000015
2023-05-17,46689000.000000015
2023-05-17,46689000.000000015
2023-05-17,46689000.000000015
2023-05-18,46689000.000000015
2023-05-18,46689000.000000015
2023-05-18,46689000.000000015
2023-05-18,46689000.000000015
2023-05-18,46689000.000000015
2023-05-18,46689000.000000015
2023-05-18,46689000.000000015
2023-05-18,46689000.000000015
2023-05-18,46689000.000000015
2023-05-18,46689000.000000015
2023-05-18,46689000.000000015
2023-05-18,46689000.000000015
2023-05-18,46689000.000000015
2023-05-18,46689000.000000015
2023-05-18,46689000.000000015
2023-05-18,46689000.000000015
2023-05-18,46689000.000000015
2023-05-18,46689000.000000015
2023-05-18,46392000.000000015
2023-05-18,46392000.000000015
2023-05-18,46392000.000000015
2023-05-18,46392000.000000015
2023-05-18,46392000.000000015
2023-05-18,46392000.000000015
2023-05-18,46392000.000000015
2023-05-18,46392000.000000015
2023-05-18,46392000.000000015
2023-05-18,46392000.000000015
2023-05-18,46392000.000000015
2023-05-18,46392000.000000015
2023-05-18,46392000.000000015
2023-05-18,46392000.000000015
2023-05-18,46392000.000000015
2023-05-18,46392000.000000015
2023-05-18,46455000.000000015
2023-05-18,46455000.000000015
2023-05-18,46455000.000000015
2023-05-18,46455000.000000015
2023-05-18,46455000.000000015
2023-05-18,46455000.000000015
2023-05-18,46455000.000000015
2023-05-18,46455000.000000015
2023-05-18,46455000.000000015
2023-05-18,46455000.000000015
2023-05-18,46455000.000000015
2023-05-18,46455000.000000015
2023-05-18,46455000.000000015
2023-05-18,46455000.000000015
2023-05-18,46455000.000000015
2023-05-19,45458000.000000015
2023-05-19,45458000.000000015
2023-05-19,45458000.000000015
2023-05-19,45458000.000000015
2023-05-19,45458000.000000015
2023-05-19,45458000.000000015
2023-05-19,45458000.000000015
2023-05-19,45458000.000000015
2023-05-19,45458000.000000015
2023-05-19,45458000.000000015
2023-05-19,45458000.000000015
2023-05-19,45458000.000000015
2023-05-19,45458000.000000015
2023-05-19,45458000.000000015
2023-05-19,45458000.000000015
2023-05-19,45458000.000000015
2023-05-19,45458000.000000015
2023-05-19,45458000.000000015
2023-05-19,45458000.000000015
2023-05-19,45458000.000000015
2023-05-19,45458000.000000015
2023-05-19,45458000.000000015
2023-05-19,45458000.000000015
2023-05-19,45458000.000000015
2023-05-19,45458000.000000015
2023-05-19,45458000.000000015
2023-05-19,45458000.000000015
2023-05-19,45458000.000000015
2023-05-19,45458000.000000015
2023-05-19,45458000.000000015
2023-05-19,45458000.000000015
2023-05-19,45458000.000000015
2023-05-19,45458000.000000015
2023-05-19,45301000.000000015
2023-05-19,45301000.000000015
2023-05-19,45301000.000000015
2023-05-19,45301000.000000015
2023-05-19,45301000.000000015
2023-05-19,45301000.000000015
2023-05-19,45301000.000000015
2023-05-19,45301000.000000015
2023-05-19,45301000.000000015
2023-05-19,45301000.000000015
2023-05-19,45301000.000000015
2023-05-19,45301000.000000015
2023-05-19,45301000.000000015
2023-05-19,45184000.000000015
2023-05-19,45184000.000000015
2023-05-22,45184000.000000015
2023-05-22,45184000.000000015
2023-05-22,45184000.000000015
2023-05-22,45184000.000000015
2023-05-22,45184000.000000015
2023-05-22,45184000.000000015
2023-05-22,45184000.000000015
2023-05-22,45184000.000000015
2023-05-22,45184000.000000015
2023-05-22,45184000.000000015
2023-05-22,45184000.000000015
2023-05-22,45184000.000000015
2023-05-22,45184000.000000015
2023-05-22,45184000.000000015
2023-05-22,45184000.000000015
2023-05-22,45184000.000000015
2023-05-22,45184000.000000015
2023-05-22,45184000.000000015
2023-05-22,45184000.000000015
2023-05-22,45184000.000000015
2023-05-22,45184000.000000015
2023-05-22,45184000.000000015
2023-05-22,45184000.000000015
2023-05-22,45184000.000000015
2023-05-22,45184000.000000015
2023-05-22,45184000.000000015
2023-05-22,45184000.000000015
2023-05-22,45184000.000000015
2023-05-22,45077000.000000015
2023-05-22,45077000.000000015
2023-05-22,45077000.000000015
2023-05-22,45077000.000000015
2023-05-22,45077000.000000015
2023-05-22,45077000.000000015
2023-05-22,45077000.000000015
2023-05-22,45077000.000000015
2023-05-22,44980000.000000015
2023-05-22,44980000.000000015
2023-05-22,44980000.000000015
2023-05-22,44980000.000000015
2023-05-22,44980000.000000015
2023-05-22,44980000.000000015
2023-05-22,44980000.000000015
2023-05-22,44980000.000000015
2023-05-22,44980000.000000015
2023-05-22,44980000.000000015
2023-05-22,44980000.000000015
2023-05-22,44980000.000000015
2023-05-22,44980000.000000015
2023-05-23,44980000.000000015
2023-05-23,44980000.000000015
2023-05-23,44980000.000000015
2023-05-23,44980000.000000015
2023-05-23,44980000.000000015
2023-05-23,44980000.000000015
2023-05-23,44980000.000000015
2023-05-23,44980000.000000015
2023-05-23,44980000.000000015
2023-05-23,44980000.000000015
2023-05-23,44980000.000000015
2023-05-23,44980000.000000015
2023-05-23,44980000.000000015
2023-05-23,45413000.000000015
2023-05-23,45413000.000000015
2023-05-23,45413000.000000015
2023-05-23,45413000.000000015
2023-05-23,45413000.000000015
2023-05-23,45413000.000000015
2023-05-23,45413000.000000015
2023-05-23,45413000.000000015
2023-05-23,45413000.000000015
2023-05-23,45413000.000000015
2023-05-23,45413000.000000015
2023-05-23,45413000.000000015
2023-05-23,45413000.000000015
2023-05-23,45413000.000000015
2023-05-23,45413000.000000015
2023-05-23,45413000.000000015
2023-05-23,45413000.000000015
2023-05-23,45413000.000000015
2023-05-23,45413000.000000015
2023-05-23,45413000.000000015
2023-05-23,45413000.000000015
2023-05-23,45413000.000000015
2023-05-23,45413000.000000015
2023-05-23,45413000.000000015
2023-05-23,45413000.000000015
2023-05-23,45413000.000000015
2023-05-23,45413000.000000015
2023-05-23,45413000.000000015
2023-05-23,45413000.000000015
2023-05-23,45413000.000000015
2023-05-23,45413000.000000015
2023-05-23,45413000.000000015
2023-05-23,45413000.000000015
2023-05-23,45413000.000000015
2023-05-23,45413000.000000015
2023-05-24,45766000.000000015
2023-05-24,45766000.000000015
2023-05-24,45766000.000000015
2023-05-24,45766000.000000015
2023-05-24,45766000.000000015
2023-05-24,45766000.000000015
2023-05-24,45766000.000000015
2023-05-24,45766000.000000015
2023-05-24,45766000.000000015
2023-05-24,45766000.000000015
2023-05-24,45766000.000000015
2023-05-24,45766000.000000015
2023-05-24,45766000.000000015
2023-05-24,45766000.000000015
2023-05-24,45766000.000000015
2023-05-24,45766000.000000015
2023-05-24,45766000.000000015
2023-05-24,45766000.000000015
2023-05-24,45766000.000000015
2023-05-24,45766000.000000015
2023-05-24,45766000.000000015
2023-05-24,45766000.000000015
2023-05-24,45766000.000000015
2023-05-24,45766000.000000015
2023-05-24,45589000.000000015
2023-05-24,45589000.000000015
2023-05-24,45589000.000000015
2023-05-24,45589000.000000015
2023-05-24,45589000.000000015
2023-05-24,45589000.000000015
2023-05-24,45589000.000000015
2023-05-24,45589000.000000015
2023-05-24,45589000.000000015
2023-05-24,45589000.000000015
2023-05-24,45589000.000000015
2023-05-24,45589000.000000015
2023-05-24,45589000.000000015
2023-05-24,45589000.000000015
2023-05-24,45589000.000000015
2023-05-24,45589000.000000015
2023-05-24,45589000.000000015
2023-05-24,45589000.000000015
2023-05-24,45589000.000000015
2023-05-24,45589000.000000015
2023-05-24,45589000.000000015
2023-05-24,45589000.000000015
2023-05-24,45589000.000000015
2023-05-24,45589000.000000015
2023-05-24,45589000.000000015
2023-05-25,45589000.000000015
2023-05-25,45589000.000000015
2023-05-25,45589000.000000015
2023-05-25,45589000.000000015
2023-05-25,45589000.000000015
2023-05-25,45589000.000000015
2023-05-25,45589000.000000015
2023-05-25,45589000.000000015
2023-05-25,45589000.000000015
2023-05-25,45589000.000000015
2023-05-25,45589000.000000015
2023-05-25,45589000.000000015
2023-05-25,45589000.000000015
2023-05-25,45652000.000000015
2023-05-25,45652000.000000015
2023-05-25,45652000.000000015
2023-05-25,45652000.000000015
2023-05-25,45652000.000000015
2023-05-25,45652000.000000015
2023-05-25,45652000.000000015
2023-05-25,45652000.000000015
2023-05-25,45652000.000000015
2023-05-25,45652000.000000015
2023-05-25,45652000.000000015
2023-05-25,45652000.000000015
2023-05-25,45652000.000000015
2023-05-25,45652000.000000015
2023-05-25,45652000.000000015
2023-05-25,45652000.000000015
2023-05-25,45652000.000000015
2023-05-25,45652000.000000015
2023-05-25,45652000.000000015
2023-05-25,45652000.000000015
2023-05-25,45652000.000000015
2023-05-25,45652000.000000015
2023-05-25,45505000.000000015
2023-05-25,45505000.000000015
2023-05-25,45505000.000000015
2023-05-25,45505000.000000015
2023-05-25,45505000.000000015
2023-05-25,45505000.000000015
2023-05-25,45505000.000000015
2023-05-25,45505000.000000015
2023-05-25,45505000.000000015
2023-05-25,45505000.000000015
2023-05-25,45505000.000000015
2023-05-25,45505000.000000015
2023-05-25,45505000.000000015
2023-05-25,45505000.000000015
2023-05-26,45505000.000000015
2023-05-26,45505000.000000015
2023-05-26,45505000.000000015
2023-05-26,45505000.000000015
2023-05-26,45505000.000000015
2023-05-26,45505000.000000015
2023-05-26,45298000.000000015
2023-05-26,45298000.000000015
2023-05-26,45298000.000000015
2023-05-26,45298000.000000015
2023-05-26,45298000.000000015
2023-05-26,45298000.000000015
2023-05-26,45298000.000000015
2023-05-26,45298000.000000015
2023-05-26,45298000.000000015
2023-05-26,45101000.000000015
2023-05-26,45101000.000000015
2023-05-26,45101000.000000015
2023-05-26,45101000.000000015
2023-05-26,45101000.000000015
2023-05-26,45101000.000000015
2023-05-26,45101000.000000015
2023-05-26,45101000.000000015
2023-05-26,45101000.000000015
2023-05-26,45101000.000000015
2023-05-26,45101000.000000015
2023-05-26,45101000.000000015
2023-05-26,45101000.000000015
2023-05-26,45101000.000000015
2023-05-26,44974000.000000015
2023-05-26,44974000.000000015
2023-05-26,44974000.000000015
2023-05-26,44974000.000000015
2023-05-26,44974000.000000015
2023-05-26,44974000.000000015
2023-05-26,44974000.000000015
2023-05-26,44974000.000000015
2023-05-26,44974000.000000015
2023-05-26,44974000.000000015
2023-05-26,44847000.000000015
2023-05-26,44847000.000000015
2023-05-26,44847000.000000015
2023-05-26,44847000.000000015
2023-05-26,44847000.000000015
2023-05-26,44847000.000000015
2023-05-26,44847000.000000015
2023-05-26,44847000.000000015
2023-05-26,44847000.000000015
2023-05-26,44740000.000000015
2023-05-29,44740000.000000015
2023-05-29,44740000.000000015
2023-05-29,44740000.000000015
2023-05-29,44740000.000000015
2023-05-29,44740000.000000015
2023-05-29,44740000.000000015
2023-05-29,44740000.000000015
2023-05-29,44740000.000000015
2023-05-29,44740000.000000015
2023-05-29,44740000.000000015
2023-05-29,44740000.000000015
2023-05-29,44740000.000000015
2023-05-29,44740000.000000015
2023-05-29,44740000.000000015
2023-05-29,44740000.000000015
2023-05-29,44740000.000000015
2023-05-29,44740000.000000015
2023-05-29,44740000.000000015
2023-05-29,44740000.000000015
2023-05-29,44740000.000000015
2023-05-29,44740000.000000015
2023-05-29,44740000.000000015
2023-05-29,44740000.000000015
2023-05-29,44740000.000000015
2023-05-29,44740000.000000015
2023-05-29,44740000.000000015
2023-05-29,44740000.000000015
2023-05-29,44740000.000000015
2023-05-29,44740000.000000015
2023-05-29,44740000.000000015
2023-05-29,44740000.000000015
2023-05-29,44740000.000000015
2023-05-29,44740000.000000015
2023-05-29,44943000.000000015
2023-05-29,44943000.000000015
2023-05-29,44943000.000000015
2023-05-29,44943000.000000015
2023-05-29,44943000.000000015
2023-05-29,44943000.000000015
2023-05-29,44943000.000000015
2023-05-29,44943000.000000015
2023-05-29,44943000.000000015
2023-05-29,44943000.000000015
2023-05-29,44943000.000000015
2023-05-29,44943000.000000015
2023-05-29,44943000.000000015
2023-05-29,44943000.000000015
2023-05-29,44943000.000000015
2023-05-29,44943000.000000015
2023-05-30,44943000.000000015
2023-05-30,44943000.000000015
2023-05-30,44943000.000000015
2023-05-30,44943000.000000015
2023-05-30,44943000.000000015
2023-05-30,44943000.000000015
2023-05-30,44943000.000000015
2023-05-30,45306000.000000015
2023-05-30,45306000.000000015
2023-05-30,45306000.000000015
2023-05-30,45306000.000000015
2023-05-30,45306000.000000015
2023-05-30,45306000.000000015
2023-05-30,45306000.000000015
2023-05-30,45306000.000000015
2023-05-30,45306000.000000015
2023-05-30,45306000.000000015
2023-05-30,45306000.000000015
2023-05-30,45306000.000000015
2023-05-30,45306000.000000015
2023-05-30,45306000.000000015
2023-05-30,45306000.000000015
2023-05-30,45306000.000000015
2023-05-30,45306000.000000015
2023-05-30,45306000.000000015
2023-05-30,45306000.000000015
2023-05-30,45306000.000000015
2023-05-30,45306000.000000015
2023-05-30,45306000.000000015
2023-05-30,45149000.000000015
2023-05-30,45149000.000000015
2023-05-30,45149000.000000015
2023-05-30,45149000.000000015
2023-05-30,45149000.000000015
2023-05-30,45149000.000000015
2023-05-30,45149000.000000015
2023-05-30,45149000.000000015
2023-05-30,45149000.000000015
2023-05-30,45149000.000000015
2023-05-30,44962000.000000015
2023-05-30,44962000.000000015
2023-05-30,44962000.000000015
2023-05-30,44962000.000000015
2023-05-30,44962000.000000015
2023-05-30,44962000.000000015
2023-05-30,44962000.000000015
2023-05-30,44745000.000000015
2023-05-30,44745000.000000015
2023-05-31,44745000.000000015
2023-05-31,44745000.000000015
2023-05-31,44745000.000000015
2023-05-31,44745000.000000015
2023-05-31,44745000.000000015
2023-05-31,44745000.000000015
2023-05-31,44745000.000000015
2023-05-31,44745000.000000015
2023-05-31,44745000.000000015
2023-05-31,44745000.000000015
2023-05-31,44745000.000000015
2023-05-31,44745000.000000015
2023-05-31,44745000.000000015
2023-05-31,44745000.000000015
2023-05-31,44745000.000000015
2023-05-31,44745000.000000015
2023-05-31,44745000.000000015
2023-05-31,44745000.000000015
2023-05-31,44745000.000000015
2023-05-31,44745000.000000015
2023-05-31,44745000.000000015
2023-05-31,44745000.000000015
2023-05-31,44745000.000000015
2023-05-31,44745000.000000015
2023-05-31,44745000.000000015
2023-05-31,44745000.000000015
2023-05-31,44745000.000000015
2023-05-31,44745000.000000015
2023-05-31,44745000.000000015
2023-05-31,44745000.000000015
2023-05-31,44745000.000000015
2023-05-31,44745000.000000015
2023-05-31,44745000.000000015
2023-05-31,44745000.000000015
2023-05-31,44745000.000000015
2023-05-31,44745000.000000015
2023-05-31,44678000.000000015
2023-05-31,44678000.000000015
2023-05-31,44678000.000000015
2023-05-31,44678000.000000015
2023-05-31,44678000.000000015
2023-05-31,44678000.000000015
2023-05-31,44678000.000000015
2023-05-31,44678000.000000015
2023-05-31,44678000.000000015
2023-05-31,44678000.000000015
2023-05-31,44678000.000000015
2023-05-31,44678000.000000015
2023-05-31,44678000.000000015
2023-06-01,44678000.000000015
2023-06-01,44678000.000000015
2023-06-01,44678000.000000015
2023-06-01,44678000.000000015
2023-06-01,44678000.000000015
2023-06-01,44678000.000000015
2023-06-01,44678000.000000015
2023-06-01,44678000.000000015
2023-06-01,44678000.000000015
2023-06-01,44678000.000000015
2023-06-01,44678000.000000015
2023-06-01,44678000.000000015
2023-06-01,44678000.000000015
2023-06-01,44678000.000000015
2023-06-01,44678000.000000015
2023-06-01,44678000.000000015
2023-06-01,44678000.000000015
2023-06-01,44678000.000000015
2023-06-01,44678000.000000015
2023-06-01,44678000.000000015
2023-06-01,44678000.000000015
2023-06-01,44678000.000000015
2023-06-01,44678000.000000015
2023-06-01,44678000.000000015
2023-06-01,44678000.000000015
2023-06-01,44678000.000000015
2023-06-01,44678000.000000015
2023-06-01,44678000.000000015
2023-06-01,44678000.000000015
2023-06-01,44678000.000000015
2023-06-01,44678000.000000015
2023-06-01,44678000.000000015
2023-06-01,44678000.000000015
2023-06-01,44678000.000000015
2023-06-01,44678000.000000015
2023-06-01,44678000.000000015
2023-06-01,44678000.000000015
2023-06-01,44678000.000000015
2023-06-01,44678000.000000015
2023-06-01,44678000.000000015
2023-06-01,44678000.000000015
2023-06-01,45241000.000000015
2023-06-01,45241000.000000015
2023-06-01,45241000.000000015
2023-06-01,45241000.000000015
2023-06-01,45241000.000000015
2023-06-01,45241000.000000015
2023-06-01,45241000.000000015
2023-06-02,45241000.000000015
2023-06-02,45241000.000000015
2023-06-02,45241000.000000015
2023-06-02,45241000.000000015
2023-06-02,45241000.000000015
2023-06-02,45241000.000000015
2023-06-02,45241000.000000015
2023-06-02,45241000.000000015
2023-06-02,45241000.000000015
2023-06-02,45241000.000000015
2023-06-02,45241000.000000015
2023-06-02,45241000.000000015
2023-06-02,45241000.000000015
2023-06-02,45241000.000000015
2023-06-02,45241000.000000015
2023-06-02,45241000.000000015
2023-06-02,45241000.000000015
2023-06-02,45241000.000000015
2023-06-02,45241000.000000015
2023-06-02,45241000.000000015
2023-06-02,45241000.000000015
2023-06-02,45241000.000000015
2023-06-02,45241000.000000015
2023-06-02,45241000.000000015
2023-06-02,45241000.000000015
2023-06-02,45241000.000000015
2023-06-02,45241000.000000015
2023-06-02,45241000.000000015
2023-06-02,45241000.000000015
2023-06-02,45241000.000000015
2023-06-02,45241000.000000015
2023-06-02,45241000.000000015
2023-06-02,45241000.000000015
2023-06-02,45241000.000000015
2023-06-02,45241000.000000015
2023-06-02,46124000.000000015
2023-06-02,46124000.000000015
2023-06-02,46124000.000000015
2023-06-02,46124000.000000015
2023-06-02,46124000.000000015
2023-06-02,46124000.000000015
2023-06-02,46124000.000000015
2023-06-02,46124000.000000015
2023-06-02,46124000.000000015
2023-06-02,46124000.000000015
2023-06-02,46124000.000000015
2023-06-02,46124000.000000015
2023-06-02,46124000.000000015
2023-06-02,46124000.000000015
2023-06-05,46124000.000000015
2023-06-05,46124000.000000015
2023-06-05,46124000.000000015
2023-06-05,46124000.000000015
2023-06-05,46124000.000000015
2023-06-05,46124000.000000015
2023-06-05,46124000.000000015
2023-06-05,46124000.000000015
2023-06-05,46124000.000000015
2023-06-05,46124000.000000015
2023-06-05,46124000.000000015
2023-06-05,46124000.000000015
2023-06-05,46124000.000000015
2023-06-05,46124000.000000015
2023-06-05,46124000.000000015
2023-06-05,46124000.000000015
2023-06-05,46124000.000000015
2023-06-05,46124000.000000015
2023-06-05,46124000.000000015
2023-06-05,46124000.000000015
2023-06-05,46124000.000000015
2023-06-05,46124000.000000015
2023-06-05,46124000.000000015
2023-06-05,46124000.000000015
2023-06-05,46124000.000000015
2023-06-05,46124000.000000015
2023-06-05,46124000.000000015
2023-06-05,46497000.000000015
2023-06-05,46497000.000000015
2023-06-05,46497000.000000015
2023-06-05,46497000.000000015
2023-06-05,46497000.000000015
2023-06-05,46497000.000000015
2023-06-05,46497000.000000015
2023-06-05,46497000.000000015
2023-06-05,46497000.000000015
2023-06-05,46497000.000000015
2023-06-05,46497000.000000015
2023-06-05,46497000.000000015
2023-06-05,46497000.000000015
2023-06-05,46497000.000000015
2023-06-05,46260000.000000015
2023-06-05,46260000.000000015
2023-06-05,46260000.000000015
2023-06-05,46260000.000000015
2023-06-05,46113000.000000015
2023-06-05,46113000.000000015
2023-06-05,46113000.000000015
2023-06-05,46113000.000000015
2023-06-06,46113000.000000015
2023-06-06,46113000.000000015
2023-06-06,46113000.000000015
2023-06-06,46113000.000000015
2023-06-06,46113000.000000015
2023-06-06,46113000.000000015
2023-06-06,46113000.000000015
2023-06-06,46113000.000000015
2023-06-06,46113000.000000015
2023-06-06,46113000.000000015
2023-06-06,46113000.000000015
2023-06-06,46113000.000000015
2023-06-06,45966000.000000015
2023-06-06,45966000.000000015
2023-06-06,45966000.000000015
2023-06-06,45966000.000000015
2023-06-06,45966000.000000015
2023-06-06,45966000.000000015
2023-06-06,45966000.000000015
2023-06-06,45966000.000000015
2023-06-06,45966000.000000015
2023-06-06,45966000.000000015
2023-06-06,45966000.000000015
2023-06-06,45966000.000000015
2023-06-06,45966000.000000015
2023-06-06,45966000.000000015
2023-06-06,45966000.000000015
2023-06-06,45966000.000000015
2023-06-06,45966000.000000015
2023-06-06,45966000.000000015
2023-06-06,45966000.000000015
2023-06-06,45966000.000000015
2023-06-06,45966000.000000015
2023-06-06,45966000.000000015
2023-06-06,45966000.000000015
2023-06-06,45966000.000000015
2023-06-06,45966000.000000015
2023-06-06,45966000.000000015
2023-06-06,45966000.000000015
2023-06-06,45966000.000000015
2023-06-06,45966000.000000015
2023-06-06,45966000.000000015
2023-06-06,45966000.000000015
2023-06-06,45966000.000000015
2023-06-06,45966000.000000015
2023-06-06,45966000.000000015
2023-06-06,45966000.000000015
2023-06-06,45966000.000000015
2023-06-06,45966000.000000015
2023-06-07,45966000.000000015
2023-06-07,45966000.000000015
2023-06-07,45966000.000000015
2023-06-07,45966000.000000015
2023-06-07,45966000.000000015
2023-06-07,45966000.000000015
2023-06-07,45966000.000000015
2023-06-07,45966000.000000015
2023-06-07,45966000.000000015
2023-06-07,45966000.000000015
2023-06-07,45966000.000000015
2023-06-07,45966000.000000015
2023-06-07,45966000.000000015
2023-06-07,45966000.000000015
2023-06-07,45966000.000000015
2023-06-07,45966000.000000015
2023-06-07,46699000.000000015
2023-06-07,46699000.000000015
2023-06-07,46699000.000000015
2023-06-07,46699000.000000015
2023-06-07,46699000.000000015
2023-06-07,46699000.000000015
2023-06-07,46699000.000000015
2023-06-07,46699000.000000015
2023-06-07,46699000.000000015
2023-06-07,46699000.000000015
2023-06-07,46699000.000000015
2023-06-07,46699000.000000015
2023-06-07,46699000.000000015
2023-06-07,46699000.000000015
2023-06-07,46699000.000000015
2023-06-07,46699000.000000015
2023-06-07,46699000.000000015
2023-06-07,46699000.000000015
2023-06-07,46699000.000000015
2023-06-07,46462000.000000015
2023-06-07,46462000.000000015
2023-06-07,46462000.000000015
2023-06-07,46462000.000000015
2023-06-07,46295000.000000015
2023-06-07,46295000.000000015
2023-06-07,46295000.000000015
2023-06-07,46295000.000000015
2023-06-07,46295000.000000015
2023-06-07,46295000.000000015
2023-06-07,46198000.000000015
2023-06-07,46198000.000000015
2023-06-07,46198000.000000015
2023-06-08,46198000.000000015
2023-06-08,46198000.000000015
2023-06-08,46198000.000000015
2023-06-08,46198000.000000015
2023-06-08,46198000.000000015
2023-06-08,46198000.000000015
2023-06-08,46198000.000000015
2023-06-08,46198000.000000015
2023-06-08,46198000.000000015
2023-06-08,46198000.000000015
2023-06-08,46198000.000000015
2023-06-08,46198000.000000015
2023-06-08,46198000.000000015
2023-06-08,46198000.000000015
2023-06-08,46198000.000000015
2023-06-08,45971000.000000015
2023-06-08,45971000.000000015
2023-06-08,45971000.000000015
2023-06-08,45971000.000000015
2023-06-08,45971000.000000015
2023-06-08,45971000.000000015
2023-06-08,45971000.000000015
2023-06-08,45971000.000000015
2023-06-08,45971000.000000015
2023-06-08,45971000.000000015
2023-06-08,45971000.000000015
2023-06-08,45971000.000000015
2023-06-08,45971000.000000015
2023-06-08,45971000.000000015
2023-06-08,45971000.000000015
2023-06-08,45971000.000000015
2023-06-08,45971000.000000015
2023-06-08,45971000.000000015
2023-06-08,45971000.000000015
2023-06-08,45971000.000000015
2023-06-08,45971000.000000015
2023-06-08,45971000.000000015
2023-06-08,45971000.000000015
2023-06-08,45971000.000000015
2023-06-08,45971000.000000015
2023-06-08,45971000.000000015
2023-06-08,45971000.000000015
2023-06-08,45971000.000000015
2023-06-08,45971000.000000015
2023-06-08,45971000.000000015
2023-06-08,45971000.000000015
2023-06-08,45971000.000000015
2023-06-08,45971000.000000015
2023-06-09,45971000.000000015
2023-06-09,45971000.000000015
2023-06-09,45971000.000000015
2023-06-09,45971000.000000015
2023-06-09,45971000.000000015
2023-06-09,45971000.000000015
2023-06-09,45971000.000000015
2023-06-09,45971000.000000015
2023-06-09,45971000.000000015
2023-06-09,45971000.000000015
2023-06-09,45971000.000000015
2023-06-09,45971000.000000015
2023-06-09,45971000.000000015
2023-06-09,45971000.000000015
2023-06-09,45971000.000000015
2023-06-09,45971000.000000015
2023-06-09,46454000.000000015
2023-06-09,46454000.000000015
2023-06-09,46454000.000000015
2023-06-09,46454000.000000015
2023-06-09,46454000.000000015
2023-06-09,46454000.000000015
2023-06-09,46454000.000000015
2023-06-09,46454000.000000015
2023-06-09,46454000.000000015
2023-06-09,46454000.000000015
2023-06-09,46327000.000000015
2023-06-09,46327000.000000015
2023-06-09,46327000.000000015
2023-06-09,46327000.000000015
2023-06-09,46327000.000000015
2023-06-09,46327000.000000015
2023-06-09,46327000.000000015
2023-06-09,46327000.000000015
2023-06-09,46327000.000000015
2023-06-09,46327000.000000015
2023-06-09,46327000.000000015
2023-06-09,46327000.000000015
2023-06-09,46327000.000000015
2023-06-09,46130000.000000015
2023-06-09,46130000.000000015
2023-06-09,46130000.000000015
2023-06-09,46130000.000000015
2023-06-09,46130000.000000015
2023-06-09,46130000.000000015
2023-06-09,46130000.000000015
2023-06-09,45973000.000000015
2023-06-09,45973000.000000015
2023-06-09,45973000.000000015
2023-06-12,45973000.000000015
2023-06-12,45973000.000000015
2023-06-12,45973000.000000015
2023-06-12,45973000.000000015
2023-06-12,45973000.000000015
2023-06-12,45973000.000000015
2023-06-12,45973000.000000015
2023-06-12,45973000.000000015
2023-06-12,45973000.000000015
2023-06-12,45973000.000000015
2023-06-12,45973000.000000015
2023-06-12,45973000.000000015
2023-06-12,45973000.000000015
2023-06-12,45973000.000000015
2023-06-12,45973000.000000015
2023-06-12,45973000.000000015
2023-06-12,45973000.000000015
2023-06-12,45973000.000000015
2023-06-12,45973000.000000015
2023-06-12,45973000.000000015
2023-06-12,45973000.000000015
2023-06-12,45973000.000000015
2023-06-12,45836000.000000015
2023-06-12,45836000.000000015
2023-06-12,45836000.000000015
2023-06-12,45836000.000000015
2023-06-12,45836000.000000015
2023-06-12,45836000.000000015
2023-06-12,45836000.000000015
2023-06-12,45836000.000000015
2023-06-12,45836000.000000015
2023-06-12,45836000.000000015
2023-06-12,45836000.000000015
2023-06-12,45836000.000000015
2023-06-12,45836000.000000015
2023-06-12,45836000.000000015
2023-06-12,45836000.000000015
2023-06-12,45679000.000000015
2023-06-12,45679000.000000015
2023-06-12,45679000.000000015
2023-06-12,45679000.000000015
2023-06-12,45679000.000000015
2023-06-12,45679000.000000015
2023-06-12,45679000.000000015
2023-06-12,45679000.000000015
2023-06-12,45679000.000000015
2023-06-12,45679000.000000015
2023-06-12,45679000.000000015
2023-06-12,45679000.000000015
2023-06-13,45679000.000000015
2023-06-13,45679000.000000015
2023-06-13,45679000.000000015
2023-06-13,45679000.000000015
2023-06-13,45679000.000000015
2023-06-13,45679000.000000015
2023-06-13,45679000.000000015
2023-06-13,45679000.000000015
2023-06-13,45679000.000000015
2023-06-13,45679000.000000015
2023-06-13,45679000.000000015
2023-06-13,45679000.000000015
2023-06-13,45679000.000000015
2023-06-13,45679000.000000015
2023-06-13,45679000.000000015
2023-06-13,45679000.000000015
2023-06-13,45679000.000000015
2023-06-13,45679000.000000015
2023-06-13,45679000.000000015
2023-06-13,45679000.000000015
2023-06-13,45679000.000000015
2023-06-13,45679000.000000015
2023-06-13,47162000.000000015
2023-06-13,47162000.000000015
2023-06-13,47162000.000000015
2023-06-13,47162000.000000015
2023-06-13,47162000.000000015
2023-06-13,47162000.000000015
2023-06-13,47162000.000000015
2023-06-13,47162000.000000015
2023-06-13,47162000.000000015
2023-06-13,47162000.000000015
2023-06-13,47162000.000000015
2023-06-13,47162000.000000015
2023-06-13,47162000.000000015
2023-06-13,47162000.000000015
2023-06-13,47162000.000000015
2023-06-13,47162000.000000015
2023-06-13,47162000.000000015
2023-06-13,47162000.000000015
2023-06-13,47162000.000000015
2023-06-13,46895000.000000015
2023-06-13,46895000.000000015
2023-06-13,46895000.000000015
2023-06-13,46895000.000000015
2023-06-13,46895000.000000015
2023-06-13,46895000.000000015
2023-06-13,46895000.000000015
2023-06-14,46895000.000000015
2023-06-14,46895000.000000015
2023-06-14,46895000.000000015
2023-06-14,46895000.000000015
2023-06-14,46895000.000000015
2023-06-14,46895000.000000015
2023-06-14,46895000.000000015
2023-06-14,46895000.000000015
2023-06-14,46895000.000000015
2023-06-14,46895000.000000015
2023-06-14,46895000.000000015
2023-06-14,46895000.000000015
2023-06-14,46895000.000000015
2023-06-14,46895000.000000015
2023-06-14,46895000.000000015
2023-06-14,46895000.000000015
2023-06-14,46895000.000000015
2023-06-14,47188000.000000015
2023-06-14,47188000.000000015
2023-06-14,47188000.000000015
2023-06-14,47188000.000000015
2023-06-14,47188000.000000015
2023-06-14,47188000.000000015
2023-06-14,47188000.000000015
2023-06-14,47188000.000000015
2023-06-14,47188000.000000015
2023-06-14,47188000.000000015
2023-06-14,46961000.000000015
2023-06-14,46961000.000000015
2023-06-14,46961000.000000015
2023-06-14,46961000.000000015
2023-06-14,46961000.000000015
2023-06-14,46961000.000000015
2023-06-14,46961000.000000015
2023-06-14,46961000.000000015
2023-06-14,46961000.000000015
2023-06-14,46961000.000000015
2023-06-14,46961000.000000015
2023-06-14,46961000.000000015
2023-06-14,46961000.000000015
2023-06-14,46961000.000000015
2023-06-14,46961000.000000015
2023-06-14,46961000.000000015
2023-06-14,46961000.000000015
2023-06-14,46961000.000000015
2023-06-14,46961000.000000015
2023-06-14,46961000.000000015
2023-06-14,46774000.000000015
2023-06-15,46774000.000000015
2023-06-15,46774000.000000015
2023-06-15,46774000.000000015
2023-06-15,46774000.000000015
2023-06-15,46774000.000000015
2023-06-15,46774000.000000015
2023-06-15,46774000.000000015
2023-06-15,46774000.000000015
2023-06-15,46774000.000000015
2023-06-15,46774000.000000015
2023-06-15,46774000.000000015
2023-06-15,46774000.000000015
2023-06-15,46774000.000000015
2023-06-15,46774000.000000015
2023-06-15,46774000.000000015
2023-06-15,46774000.000000015
2023-06-15,46774000.000000015
2023-06-15,46774000.000000015
2023-06-15,46774000.000000015
2023-06-15,46774000.000000015
2023-06-15,46774000.000000015
2023-06-15,46774000.000000015
2023-06-15,46774000.000000015
2023-06-15,46774000.000000015
2023-06-15,46774000.000000015
2023-06-15,46774000.000000015
2023-06-15,46774000.000000015
2023-06-15,46774000.000000015
2023-06-15,46774000.000000015
2023-06-15,46774000.000000015
2023-06-15,46774000.000000015
2023-06-15,46774000.000000015
2023-06-15,46774000.000000015
2023-06-15,46677000.000000015
2023-06-15,46677000.000000015
2023-06-15,46677000.000000015
2023-06-15,46677000.000000015
2023-06-15,46677000.000000015
2023-06-15,46677000.000000015
2023-06-15,46677000.000000015
2023-06-15,46677000.000000015
2023-06-15,46430000.000000015
2023-06-15,46430000.000000015
2023-06-15,46430000.000000015
2023-06-15,46430000.000000015
2023-06-15,46430000.000000015
2023-06-15,46430000.000000015
2023-06-15,46430000.000000015
2023-06-15,46430000.000000015
2023-06-16,46683000.000000015
2023-06-16,46683000.000000015
2023-06-16,46683000.000000015
2023-06-16,46683000.000000015
2023-06-16,46683000.000000015
2023-06-16,46683000.000000015
2023-06-16,46683000.000000015
2023-06-16,46683000.000000015
2023-06-16,46683000.000000015
2023-06-16,46683000.000000015
2023-06-16,46683000.000000015
2023-06-16,46683000.000000015
2023-06-16,46683000.000000015
2023-06-16,46683000.000000015
2023-06-16,46683000.000000015
2023-06-16,46683000.000000015
2023-06-16,46683000.000000015
2023-06-16,46683000.000000015
2023-06-16,46683000.000000015
2023-06-16,46683000.000000015
2023-06-16,46683000.000000015
2023-06-16,46683000.000000015
2023-06-16,46683000.000000015
2023-06-16,46683000.000000015
2023-06-16,46683000.000000015
2023-06-16,46683000.000000015
2023-06-16,46683000.000000015
2023-06-16,46683000.000000015
2023-06-16,46683000.000000015
2023-06-16,46683000.000000015
2023-06-16,46683000.000000015
2023-06-16,46683000.000000015
2023-06-16,46683000.000000015
2023-06-16,46683000.000000015
2023-06-16,46683000.000000015
2023-06-16,46683000.000000015
2023-06-16,46683000.000000015
2023-06-16,46683000.000000015
2023-06-16,46683000.000000015
2023-06-16,46683000.000000015
2023-06-16,46683000.000000015
2023-06-16,47056000.000000015
2023-06-16,47056000.000000015
2023-06-16,47056000.000000015
2023-06-16,47056000.000000015
2023-06-16,47056000.000000015
2023-06-16,47056000.000000015
2023-06-16,47056000.000000015
2023-06-16,47056000.000000015
2023-06-19,47056000.000000015
2023-06-19,47056000.000000015
2023-06-19,47056000.000000015
2023-06-19,47056000.000000015
2023-06-19,47056000.000000015
2023-06-19,47056000.000000015
2023-06-19,47056000.000000015
2023-06-19,47056000.000000015
2023-06-19,47056000.000000015
2023-06-19,47056000.000000015
2023-06-19,47056000.000000015
2023-06-19,47056000.000000015
2023-06-19,47056000.000000015
2023-06-19,47056000.000000015
2023-06-19,47056000.000000015
2023-06-19,47056000.000000015
2023-06-19,47056000.000000015
2023-06-19,47056000.000000015
2023-06-19,47056000.000000015
2023-06-19,47056000.000000015
2023-06-19,47056000.000000015
2023-06-19,47056000.000000015
2023-06-19,47056000.000000015
2023-06-19,47056000.000000015
2023-06-19,47056000.000000015
2023-06-19,47056000.000000015
2023-06-19,47056000.000000015
2023-06-19,47056000.000000015
2023-06-19,47056000.000000015
2023-06-19,47056000.000000015
2023-06-19,47056000.000000015
2023-06-19,47056000.000000015
2023-06-19,47729000.000000015
2023-06-19,47729000.000000015
2023-06-19,47729000.000000015
2023-06-19,47729000.000000015
2023-06-19,47729000.000000015
2023-06-19,47729000.000000015
2023-06-19,47729000.000000015
2023-06-19,47729000.000000015
2023-06-19,47729000.000000015
2023-06-19,47729000.000000015
2023-06-19,47729000.000000015
2023-06-19,47729000.000000015
2023-06-19,47729000.000000015
2023-06-19,47729000.000000015
2023-06-19,47729000.000000015
2023-06-19,47729000.000000015
2023-06-20,47729000.000000015
2023-06-20,47729000.000000015
2023-06-20,47729000.000000015
2023-06-20,47729000.000000015
2023-06-20,47729000.000000015
2023-06-20,47729000.000000015
2023-06-20,47729000.000000015
2023-06-20,47729000.000000015
2023-06-20,47729000.000000015
2023-06-20,47729000.000000015
2023-06-20,47729000.000000015
2023-06-20,47729000.000000015
2023-06-20,47729000.000000015
2023-06-20,47729000.000000015
2023-06-20,47729000.000000015
2023-06-20,47729000.000000015
2023-06-20,47729000.000000015
2023-06-20,47729000.000000015
2023-06-20,47729000.000000015
2023-06-20,47729000.000000015
2023-06-20,47729000.000000015
2023-06-20,47729000.000000015
2023-06-20,47729000.000000015
2023-06-20,47729000.000000015
2023-06-20,47729000.000000015
2023-06-20,47729000.000000015
2023-06-20,47729000.000000015
2023-06-20,47729000.000000015
2023-06-20,47729000.000000015
2023-06-20,47729000.000000015
2023-06-20,47729000.000000015
2023-06-20,47729000.000000015
2023-06-20,47982000.000000015
2023-06-20,47982000.000000015
2023-06-20,47982000.000000015
2023-06-20,47982000.000000015
2023-06-20,47982000.000000015
2023-06-20,47982000.000000015
2023-06-20,47982000.000000015
2023-06-20,47982000.000000015
2023-06-20,47982000.000000015
2023-06-20,47982000.000000015
2023-06-20,47755000.000000015
2023-06-20,47755000.000000015
2023-06-20,47755000.000000015
2023-06-20,47755000.000000015
2023-06-20,47755000.000000015
2023-06-20,47755000.000000015
2023-06-20,47755000.000000015
2023-06-21,47755000.000000015
2023-06-21,47755000.000000015
2023-06-21,47755000.000000015
2023-06-21,47755000.000000015
2023-06-21,47755000.000000015
2023-06-21,47755000.000000015
2023-06-21,47755000.000000015
2023-06-21,47755000.000000015
2023-06-21,47755000.000000015
2023-06-21,47755000.000000015
2023-06-21,47755000.000000015
2023-06-21,47755000.000000015
2023-06-21,47755000.000000015
2023-06-21,47755000.000000015
2023-06-21,47755000.000000015
2023-06-21,47755000.000000015
2023-06-21,47755000.000000015
2023-06-21,47755000.000000015
2023-06-21,47755000.000000015
2023-06-21,47755000.000000015
2023-06-21,47488000.000000015
2023-06-21,47488000.000000015
2023-06-21,47488000.000000015
2023-06-21,47488000.000000015
2023-06-21,47488000.000000015
2023-06-21,47488000.000000015
2023-06-21,47488000.000000015
2023-06-21,47488000.000000015
2023-06-21,47488000.000000015
2023-06-21,47488000.000000015
2023-06-21,47488000.000000015
2023-06-21,47488000.000000015
2023-06-21,47488000.000000015
2023-06-21,47488000.000000015
2023-06-21,47488000.000000015
2023-06-21,47488000.000000015
2023-06-21,47488000.000000015
2023-06-21,47131000.000000015
2023-06-21,47131000.000000015
2023-06-21,47131000.000000015
2023-06-21,47131000.000000015
2023-06-21,47131000.000000015
2023-06-21,47131000.000000015
2023-06-21,47131000.000000015
2023-06-21,47131000.000000015
2023-06-21,47131000.000000015
2023-06-21,47131000.000000015
2023-06-21,47131000.000000015
2023-06-21,47131000.000000015
2023-06-22,47131000.000000015
2023-06-22,47131000.000000015
2023-06-22,47131000.000000015
2023-06-22,47131000.000000015
2023-06-22,47131000.000000015
2023-06-22,47131000.000000015
2023-06-22,47131000.000000015
2023-06-22,47131000.000000015
2023-06-22,47131000.000000015
2023-06-22,47131000.000000015
2023-06-22,47131000.000000015
2023-06-22,47131000.000000015
2023-06-22,47131000.000000015
2023-06-22,47131000.000000015
2023-06-22,47964000.000000015
2023-06-22,47964000.000000015
2023-06-22,47964000.000000015
2023-06-22,47964000.000000015
2023-06-22,47964000.000000015
2023-06-22,47964000.000000015
2023-06-22,47964000.000000015
2023-06-22,47964000.000000015
2023-06-22,47964000.000000015
2023-06-22,47964000.000000015
2023-06-22,47964000.000000015
2023-06-22,47964000.000000015
2023-06-22,47964000.000000015
2023-06-22,47964000.000000015
2023-06-22,47964000.000000015
2023-06-22,47964000.000000015
2023-06-22,47964000.000000015
2023-06-22,47964000.000000015
2023-06-22,47964000.000000015
2023-06-22,47964000.000000015
2023-06-22,47964000.000000015
2023-06-22,47964000.000000015
2023-06-22,47727000.000000015
2023-06-22,47727000.000000015
2023-06-22,47727000.000000015
2023-06-22,47727000.000000015
2023-06-22,47727000.000000015
2023-06-22,47727000.000000015
2023-06-22,47727000.000000015
2023-06-22,47727000.000000015
2023-06-22,47727000.000000015
2023-06-22,47727000.000000015
2023-06-22,47727000.000000015
2023-06-22,47727000.000000015
2023-06-22,47727000.000000015
2023-06-23,47727000.000000015
2023-06-23,47727000.000000015
2023-06-23,47727000.000000015
2023-06-23,47727000.000000015
2023-06-23,47727000.000000015
2023-06-23,47727000.000000015
2023-06-23,47727000.000000015
2023-06-23,47727000.000000015
2023-06-23,47727000.000000015
2023-06-23,47727000.000000015
2023-06-23,47727000.000000015
2023-06-23,47727000.000000015
2023-06-23,47727000.000000015
2023-06-23,47727000.000000015
2023-06-23,47727000.000000015
2023-06-23,47727000.000000015
2023-06-23,47727000.000000015
2023-06-23,47727000.000000015
2023-06-23,47727000.000000015
2023-06-23,47727000.000000015
2023-06-23,47727000.000000015
2023-06-23,47727000.000000015
2023-06-23,47727000.000000015
2023-06-23,47727000.000000015
2023-06-23,47727000.000000015
2023-06-23,47727000.000000015
2023-06-23,47810000.000000015
2023-06-23,47810000.000000015
2023-06-23,47810000.000000015
2023-06-23,47810000.000000015
2023-06-23,47810000.000000015
2023-06-23,47810000.000000015
2023-06-23,47810000.000000015
2023-06-23,47810000.000000015
2023-06-23,47810000.000000015
2023-06-23,47810000.000000015
2023-06-23,47810000.000000015
2023-06-23,47810000.000000015
2023-06-23,47810000.000000015
2023-06-23,47810000.000000015
2023-06-23,47810000.000000015
2023-06-23,47810000.000000015
2023-06-23,47810000.000000015
2023-06-23,47810000.000000015
2023-06-23,47810000.000000015
2023-06-23,47810000.000000015
2023-06-23,47810000.000000015
2023-06-23,47810000.000000015
2023-06-23,47810000.000000015
2023-06-26,47810000.000000015
2023-06-26,47810000.000000015
2023-06-26,47810000.000000015
2023-06-26,47810000.000000015
2023-06-26,47810000.000000015
2023-06-26,47810000.000000015
2023-06-26,47810000.000000015
2023-06-26,47753000.000000015
2023-06-26,47753000.000000015
2023-06-26,47753000.000000015
2023-06-26,47753000.000000015
2023-06-26,47753000.000000015
2023-06-26,47753000.000000015
2023-06-26,47753000.000000015
2023-06-26,47753000.000000015
2023-06-26,47753000.000000015
2023-06-26,47753000.000000015
2023-06-26,47753000.000000015
2023-06-26,47753000.000000015
2023-06-26,47753000.000000015
2023-06-26,47753000.000000015
2023-06-26,47753000.000000015
2023-06-26,47753000.000000015
2023-06-26,47753000.000000015
2023-06-26,47753000.000000015
2023-06-26,47753000.000000015
2023-06-26,47753000.000000015
2023-06-26,47753000.000000015
2023-06-26,47753000.000000015
2023-06-26,47753000.000000015
2023-06-26,47753000.000000015
2023-06-26,47753000.000000015
2023-06-26,47753000.000000015
2023-06-26,47596000.000000015
2023-06-26,47596000.000000015
2023-06-26,47596000.000000015
2023-06-26,47596000.000000015
2023-06-26,47596000.000000015
2023-06-26,47596000.000000015
2023-06-26,47596000.000000015
2023-06-26,47596000.000000015
2023-06-26,47596000.000000015
2023-06-26,47596000.000000015
2023-06-26,47596000.000000015
2023-06-26,47596000.000000015
2023-06-26,47596000.000000015
2023-06-26,47596000.000000015
2023-06-26,47596000.000000015
2023-06-27,47596000.000000015
2023-06-27,47596000.000000015
2023-06-27,47596000.000000015
2023-06-27,47596000.000000015
2023-06-27,47596000.000000015
2023-06-27,47596000.000000015
2023-06-27,47596000.000000015
2023-06-27,47596000.000000015
2023-06-27,47596000.000000015
2023-06-27,47596000.000000015
2023-06-27,47596000.000000015
2023-06-27,47596000.000000015
2023-06-27,47596000.000000015
2023-06-27,47596000.000000015
2023-06-27,47596000.000000015
2023-06-27,47596000.000000015
2023-06-27,47596000.000000015
2023-06-27,47596000.000000015
2023-06-27,47596000.000000015
2023-06-27,47596000.000000015
2023-06-27,47596000.000000015
2023-06-27,47596000.000000015
2023-06-27,47596000.000000015
2023-06-27,47596000.000000015
2023-06-27,47596000.000000015
2023-06-27,47596000.000000015
2023-06-27,47596000.000000015
2023-06-27,47596000.000000015
2023-06-27,47596000.000000015
2023-06-27,47596000.000000015
2023-06-27,47596000.000000015
2023-06-27,47596000.000000015
2023-06-27,47596000.000000015
2023-06-27,47596000.000000015
2023-06-27,47596000.000000015
2023-06-27,47596000.000000015
2023-06-27,47596000.000000015
2023-06-27,47596000.000000015
2023-06-27,47596000.000000015
2023-06-27,47596000.000000015
2023-06-27,47769000.000000015
2023-06-27,47769000.000000015
2023-06-27,47769000.000000015
2023-06-27,47769000.000000015
2023-06-27,47512000.000000015
2023-06-27,47512000.000000015
2023-06-27,47512000.000000015
2023-06-27,47512000.000000015
2023-06-27,47512000.000000015
2023-06-28,47512000.000000015
2023-06-28,47512000.000000015
2023-06-28,47512000.000000015
2023-06-28,47512000.000000015
2023-06-28,47512000.000000015
2023-06-28,47512000.000000015
2023-06-28,47512000.000000015
2023-06-28,47512000.000000015
2023-06-28,47512000.000000015
2023-06-28,47512000.000000015
2023-06-28,47512000.000000015
2023-06-28,47512000.000000015
2023-06-28,47512000.000000015
2023-06-28,47512000.000000015
2023-06-28,47512000.000000015
2023-06-28,47512000.000000015
2023-06-28,47512000.000000015
2023-06-28,47512000.000000015
2023-06-28,47512000.000000015
2023-06-28,47512000.000000015
2023-06-28,47512000.000000015
2023-06-28,47512000.000000015
2023-06-28,47512000.000000015
2023-06-28,47512000.000000015
2023-06-28,47512000.000000015
2023-06-28,47512000.000000015
2023-06-28,47512000.000000015
2023-06-28,47512000.000000015
2023-06-28,47512000.000000015
2023-06-28,47512000.000000015
2023-06-28,47375000.000000015
2023-06-28,47375000.000000015
2023-06-28,47375000.000000015
2023-06-28,47375000.000000015
2023-06-28,47375000.000000015
2023-06-28,47375000.000000015
2023-06-28,47375000.000000015
2023-06-28,47375000.000000015
2023-06-28,47375000.000000015
2023-06-28,47375000.000000015
2023-06-28,47375000.000000015
2023-06-28,47375000.000000015
2023-06-28,47375000.000000015
2023-06-28,47375000.000000015
2023-06-28,47375000.000000015
2023-06-28,47375000.000000015
2023-06-28,47375000.000000015
2023-06-28,47375000.000000015
2023-06-29,47648000.000000015
2023-06-29,47648000.000000015
2023-06-29,47648000.000000015
2023-06-29,47648000.000000015
2023-06-29,47648000.000000015
2023-06-29,47361000.000000015
2023-06-29,47361000.000000015
2023-06-29,47361000.000000015
2023-06-29,47361000.000000015
2023-06-29,47361000.000000015
2023-06-29,47361000.000000015
2023-06-29,47361000.000000015
2023-06-29,47361000.000000015
2023-06-29,47361000.000000015
2023-06-29,47361000.000000015
2023-06-29,47361000.000000015
2023-06-29,47361000.000000015
2023-06-29,47361000.000000015
2023-06-29,47361000.000000015
2023-06-29,47361000.000000015
2023-06-29,47361000.000000015
2023-06-29,47361000.000000015
2023-06-29,47361000.000000015
2023-06-29,47361000.000000015
2023-06-29,47361000.000000015
2023-06-29,47361000.000000015
2023-06-29,47361000.000000015
2023-06-29,47361000.000000015
2023-06-29,47361000.000000015
2023-06-29,47361000.000000015
2023-06-29,47361000.000000015
2023-06-29,47361000.000000015
2023-06-29,47361000.000000015
2023-06-29,47361000.000000015
2023-06-29,47361000.000000015
2023-06-29,47361000.000000015
2023-06-29,47361000.000000015
2023-06-29,47361000.000000015
2023-06-29,47361000.000000015
2023-06-29,47361000.000000015
2023-06-29,47361000.000000015
2023-06-29,47361000.000000015
2023-06-29,47361000.000000015
2023-06-29,47361000.000000015
2023-06-29,47274000.000000015
2023-06-29,47274000.000000015
2023-06-29,47274000.000000015
2023-06-29,47274000.000000015
2023-06-29,47274000.000000015
2023-06-30,47274000.000000015
2023-06-30,47274000.000000015
2023-06-30,47274000.000000015
2023-06-30,47274000.000000015
2023-06-30,47274000.000000015
2023-06-30,47274000.000000015
2023-06-30,47274000.000000015
2023-06-30,47274000.000000015
2023-06-30,47274000.000000015
2023-06-30,47274000.000000015
2023-06-30,47274000.000000015
2023-06-30,47274000.000000015
2023-06-30,47274000.000000015
2023-06-30,47274000.000000015
2023-06-30,47274000.000000015
2023-06-30,47274000.000000015
2023-06-30,47274000.000000015
2023-06-30,47274000.000000015
2023-06-30,47274000.000000015
2023-06-30,47274000.000000015
2023-06-30,47274000.000000015
2023-06-30,47274000.000000015
2023-06-30,47274000.000000015
2023-06-30,47274000.000000015
2023-06-30,47274000.000000015
2023-06-30,47274000.000000015
2023-06-30,47274000.000000015
2023-06-30,47274000.000000015
2023-06-30,47274000.000000015
2023-06-30,47274000.000000015
2023-06-30,47274000.000000015
2023-06-30,47274000.000000015
2023-06-30,46997000.000000015
2023-06-30,46997000.000000015
2023-06-30,46997000.000000015
2023-06-30,46997000.000000015
2023-06-30,46997000.000000015
2023-06-30,46997000.000000015
2023-06-30,46997000.000000015
2023-06-30,46997000.000000015
2023-06-30,46997000.000000015
2023-06-30,46997000.000000015
2023-06-30,46997000.000000015
2023-06-30,46820000.000000015
2023-06-30,46820000.000000015
2023-06-30,46820000.000000015
2023-06-30,46820000.000000015
2023-06-30,46820000.000000015
2023-06-30,46820000.000000015
2023-07-03,46820000.000000015
2023-07-03,46820000.000000015
2023-07-03,46820000.000000015
2023-07-03,46820000.000000015
2023-07-03,46820000.000000015
2023-07-03,46820000.000000015
2023-07-03,46820000.000000015
2023-07-03,46820000.000000015
2023-07-03,46820000.000000015
2023-07-03,46820000.000000015
2023-07-03,46820000.000000015
2023-07-03,46820000.000000015
2023-07-03,46820000.000000015
2023-07-03,46803000.000000015
2023-07-03,46803000.000000015
2023-07-03,46803000.000000015
2023-07-03,46803000.000000015
2023-07-03,46803000.000000015
2023-07-03,46803000.000000015
2023-07-03,46803000.000000015
2023-07-03,46803000.000000015
2023-07-03,46803000.000000015
2023-07-03,46803000.000000015
2023-07-03,46803000.000000015
2023-07-03,46803000.000000015
2023-07-03,46803000.000000015
2023-07-03,46803000.000000015
2023-07-03,46803000.000000015
2023-07-03,46803000.000000015
2023-07-03,46803000.000000015
2023-07-03,46803000.000000015
2023-07-03,46716000.000000015
2023-07-03,46716000.000000015
2023-07-03,46716000.000000015
2023-07-03,46716000.000000015
2023-07-03,46716000.000000015
2023-07-03,46716000.000000015
2023-07-03,46716000.000000015
2023-07-03,46716000.000000015
2023-07-03,46716000.000000015
2023-07-03,46716000.000000015
2023-07-03,46716000.000000015
2023-07-03,46716000.000000015
2023-07-03,46716000.000000015
2023-07-03,46529000.000000015
2023-07-03,46529000.000000015
2023-07-03,46529000.000000015
2023-07-03,46529000.000000015
2023-07-03,46529000.000000015
2023-07-04,46529000.000000015
2023-07-04,46529000.000000015
2023-07-04,46529000.000000015
2023-07-04,46529000.000000015
2023-07-04,46529000.000000015
2023-07-04,46529000.000000015
2023-07-04,46529000.000000015
2023-07-04,46529000.000000015
2023-07-04,46529000.000000015
2023-07-04,46529000.000000015
2023-07-04,46529000.000000015
2023-07-04,46529000.000000015
2023-07-04,46472000.000000015
2023-07-04,46472000.000000015
2023-07-04,46472000.000000015
2023-07-04,46472000.000000015
2023-07-04,46472000.000000015
2023-07-04,46472000.000000015
2023-07-04,46472000.000000015
2023-07-04,46472000.000000015
2023-07-04,46472000.000000015
2023-07-04,46472000.000000015
2023-07-04,46472000.000000015
2023-07-04,46472000.000000015
2023-07-04,46472000.000000015
2023-07-04,46472000.000000015
2023-07-04,46472000.000000015
2023-07-04,46472000.000000015
2023-07-04,46472000.000000015
2023-07-04,46472000.000000015
2023-07-04,46472000.000000015
2023-07-04,46472000.000000015
2023-07-04,46472000.000000015
2023-07-04,46472000.000000015
2023-07-04,46472000.000000015
2023-07-04,46472000.000000015
2023-07-04,46472000.000000015
2023-07-04,46472000.000000015
2023-07-04,46472000.000000015
2023-07-04,46472000.000000015
2023-07-04,46472000.000000015
2023-07-04,46472000.000000015
2023-07-04,46472000.000000015
2023-07-04,46685000.000000015
2023-07-04,46685000.000000015
2023-07-04,46685000.000000015
2023-07-04,46685000.000000015
2023-07-04,46685000.000000015
2023-07-04,46685000.000000015
2023-07-05,46685000.000000015
2023-07-05,46685000.000000015
2023-07-05,46685000.000000015
2023-07-05,46685000.000000015
2023-07-05,46685000.000000015
2023-07-05,46685000.000000015
2023-07-05,46685000.000000015
2023-07-05,46685000.000000015
2023-07-05,46685000.000000015
2023-07-05,46685000.000000015
2023-07-05,46685000.000000015
2023-07-05,46685000.000000015
2023-07-05,46685000.000000015
2023-07-05,46685000.000000015
2023-07-05,46685000.000000015
2023-07-05,46685000.000000015
2023-07-05,46685000.000000015
2023-07-05,46685000.000000015
2023-07-05,46685000.000000015
2023-07-05,46685000.000000015
2023-07-05,46685000.000000015
2023-07-05,46685000.000000015
2023-07-05,46685000.000000015
2023-07-05,46685000.000000015
2023-07-05,46685000.000000015
2023-07-05,46685000.000000015
2023-07-05,46685000.000000015
2023-07-05,46685000.000000015
2023-07-05,46685000.000000015
2023-07-05,46685000.000000015
2023-07-05,46685000.000000015
2023-07-05,46685000.000000015
2023-07-05,46685000.000000015
2023-07-05,46685000.000000015
2023-07-05,46685000.000000015
2023-07-05,46685000.000000015
2023-07-05,46685000.000000015
2023-07-05,46685000.000000015
2023-07-05,46685000.000000015
2023-07-05,46685000.000000015
2023-07-05,46685000.000000015
2023-07-05,46685000.000000015
2023-07-05,46685000.000000015
2023-07-05,46685000.000000015
2023-07-05,46685000.000000015
2023-07-05,46685000.000000015
2023-07-05,46798000.000000015
2023-07-05,46798000.000000015
2023-07-05,46798000.000000015
2023-07-06,46798000.000000015
2023-07-06,46798000.000000015
2023-07-06,46798000.000000015
2023-07-06,46798000.000000015
2023-07-06,46798000.000000015
2023-07-06,46798000.000000015
2023-07-06,46798000.000000015
2023-07-06,46798000.000000015
2023-07-06,46798000.000000015
2023-07-06,46798000.000000015
2023-07-06,46798000.000000015
2023-07-06,46798000.000000015
2023-07-06,46798000.000000015
2023-07-06,46798000.000000015
2023-07-06,46798000.000000015
2023-07-06,46798000.000000015
2023-07-06,46798000.000000015
2023-07-06,46798000.000000015
2023-07-06,46798000.000000015
2023-07-06,46798000.000000015
2023-07-06,46798000.000000015
2023-07-06,46798000.000000015
2023-07-06,46798000.000000015
2023-07-06,46798000.000000015
2023-07-06,46798000.000000015
2023-07-06,46798000.000000015
2023-07-06,46798000.000000015
2023-07-06,46798000.000000015
2023-07-06,46798000.000000015
2023-07-06,46798000.000000015
2023-07-06,46798000.000000015
2023-07-06,46798000.000000015
2023-07-06,46798000.000000015
2023-07-06,46798000.000000015
2023-07-06,46798000.000000015
2023-07-06,46798000.000000015
2023-07-06,46798000.000000015
2023-07-06,46798000.000000015
2023-07-06,47371000.000000015
2023-07-06,47371000.000000015
2023-07-06,47371000.000000015
2023-07-06,47371000.000000015
2023-07-06,47371000.000000015
2023-07-06,47371000.000000015
2023-07-06,47371000.000000015
2023-07-06,47434000.000000015
2023-07-06,47434000.000000015
2023-07-06,47434000.000000015
2023-07-06,47434000.000000015
2023-07-07,47434000.000000015
2023-07-07,47434000.000000015
2023-07-07,47434000.000000015
2023-07-07,47434000.000000015
2023-07-07,47434000.000000015
2023-07-07,47434000.000000015
2023-07-07,47434000.000000015
2023-07-07,47434000.000000015
2023-07-07,47434000.000000015
2023-07-07,47434000.000000015
2023-07-07,47434000.000000015
2023-07-07,47434000.000000015
2023-07-07,47434000.000000015
2023-07-07,47434000.000000015
2023-07-07,47434000.000000015
2023-07-07,47434000.000000015
2023-07-07,47434000.000000015
2023-07-07,47434000.000000015
2023-07-07,47434000.000000015
2023-07-07,47434000.000000015
2023-07-07,47434000.000000015
2023-07-07,47434000.000000015
2023-07-07,47434000.000000015
2023-07-07,47434000.000000015
2023-07-07,47277000.000000015
2023-07-07,47277000.000000015
2023-07-07,47277000.000000015
2023-07-07,47277000.000000015
2023-07-07,47277000.000000015
2023-07-07,47277000.000000015
2023-07-07,47277000.000000015
2023-07-07,47277000.000000015
2023-07-07,47277000.000000015
2023-07-07,47277000.000000015
2023-07-07,47277000.000000015
2023-07-07,47277000.000000015
2023-07-07,47277000.000000015
2023-07-07,47277000.000000015
2023-07-07,47277000.000000015
2023-07-07,47277000.000000015
2023-07-07,47277000.000000015
2023-07-07,47277000.000000015
2023-07-07,47277000.000000015
2023-07-07,47277000.000000015
2023-07-07,47277000.000000015
2023-07-07,47277000.000000015
2023-07-07,47277000.000000015
2023-07-07,47277000.000000015
2023-07-07,47277000.000000015
2023-07-10,47277000.000000015
2023-07-10,47277000.000000015
2023-07-10,47277000.000000015
2023-07-10,47277000.000000015
2023-07-10,47277000.000000015
2023-07-10,47277000.000000015
2023-07-10,47277000.000000015
2023-07-10,47277000.000000015
2023-07-10,47277000.000000015
2023-07-10,47277000.000000015
2023-07-10,47277000.000000015
2023-07-10,47277000.000000015
2023-07-10,47277000.000000015
2023-07-10,48310000.000000015
2023-07-10,48310000.000000015
2023-07-10,48310000.000000015
2023-07-10,48310000.000000015
2023-07-10,48310000.000000015
2023-07-10,48310000.000000015
2023-07-10,48310000.000000015
2023-07-10,48310000.000000015
2023-07-10,48310000.000000015
2023-07-10,48310000.000000015
2023-07-10,48310000.000000015
2023-07-10,48310000.000000015
2023-07-10,48310000.000000015
2023-07-10,48310000.000000015
2023-07-10,48310000.000000015
2023-07-10,48310000.000000015
2023-07-10,48310000.000000015
2023-07-10,48310000.000000015
2023-07-10,48310000.000000015
2023-07-10,48310000.000000015
2023-07-10,48310000.000000015
2023-07-10,48310000.000000015
2023-07-10,48310000.000000015
2023-07-10,48310000.000000015
2023-07-10,48310000.000000015
2023-07-10,48310000.000000015
2023-07-10,48310000.000000015
2023-07-10,48310000.000000015
2023-07-10,48310000.000000015
2023-07-10,48310000.000000015
2023-07-10,48310000.000000015
2023-07-10,48310000.000000015
2023-07-10,48653000.000000015
2023-07-10,48653000.000000015
2023-07-10,48653000.000000015
2023-07-10,48653000.000000015
2023-07-11,48653000.000000015
2023-07-11,48653000.000000015
2023-07-11,48653000.000000015
2023-07-11,48653000.000000015
2023-07-11,48653000.000000015
2023-07-11,48653000.000000015
2023-07-11,48653000.000000015
2023-07-11,48653000.000000015
2023-07-11,48653000.000000015
2023-07-11,48653000.000000015
2023-07-11,48653000.000000015
2023-07-11,48653000.000000015
2023-07-11,48653000.000000015
2023-07-11,48653000.000000015
2023-07-11,48653000.000000015
2023-07-11,48653000.000000015
2023-07-11,48653000.000000015
2023-07-11,48653000.000000015
2023-07-11,48653000.000000015
2023-07-11,48653000.000000015
2023-07-11,48653000.000000015
2023-07-11,48653000.000000015
2023-07-11,48653000.000000015
2023-07-11,48653000.000000015
2023-07-11,48653000.000000015
2023-07-11,48653000.000000015
2023-07-11,48653000.000000015
2023-07-11,48653000.000000015
2023-07-11,48653000.000000015
2023-07-11,48653000.000000015
2023-07-11,48653000.000000015
2023-07-11,48653000.000000015
2023-07-11,48653000.000000015
2023-07-11,48653000.000000015
2023-07-11,48653000.000000015
2023-07-11,48653000.000000015
2023-07-11,48653000.000000015
2023-07-11,48653000.000000015
2023-07-11,48653000.000000015
2023-07-11,48653000.000000015
2023-07-11,48653000.000000015
2023-07-11,48653000.000000015
2023-07-11,48653000.000000015
2023-07-11,49096000.000000015
2023-07-11,49096000.000000015
2023-07-11,49096000.000000015
2023-07-11,49096000.000000015
2023-07-11,49096000.000000015
2023-07-12,48739000.000000015
2023-07-12,48739000.000000015
2023-07-12,48739000.000000015
2023-07-12,48739000.000000015
2023-07-12,48739000.000000015
2023-07-12,48739000.000000015
2023-07-12,48739000.000000015
2023-07-12,48739000.000000015
2023-07-12,48739000.000000015
2023-07-12,48739000.000000015
2023-07-12,48739000.000000015
2023-07-12,48739000.000000015
2023-07-12,48739000.000000015
2023-07-12,48739000.000000015
2023-07-12,48739000.000000015
2023-07-12,48739000.000000015
2023-07-12,48739000.000000015
2023-07-12,48739000.000000015
2023-07-12,48739000.000000015
2023-07-12,48739000.000000015
2023-07-12,48739000.000000015
2023-07-12,48572000.000000015
2023-07-12,48572000.000000015
2023-07-12,48572000.000000015
2023-07-12,48572000.000000015
2023-07-12,48572000.000000015
2023-07-12,48572000.000000015
2023-07-12,48572000.000000015
2023-07-12,48572000.000000015
2023-07-12,48572000.000000015
2023-07-12,48572000.000000015
2023-07-12,48572000.000000015
2023-07-12,48572000.000000015
2023-07-12,48572000.000000015
2023-07-12,48572000.000000015
2023-07-12,48572000.000000015
2023-07-12,48572000.000000015
2023-07-12,48675000.000000015
2023-07-12,48675000.000000015
2023-07-12,48675000.000000015
2023-07-12,48675000.000000015
2023-07-12,48675000.000000015
2023-07-12,48675000.000000015
2023-07-12,48675000.000000015
2023-07-12,48675000.000000015
2023-07-12,48675000.000000015
2023-07-12,48675000.000000015
2023-07-12,48675000.000000015
2023-07-12,48498000.000000015
2023-07-13,48498000.000000015
2023-07-13,48498000.000000015
2023-07-13,48498000.000000015
2023-07-13,48498000.000000015
2023-07-13,48498000.000000015
2023-07-13,48498000.000000015
2023-07-13,48498000.000000015
2023-07-13,48498000.000000015
2023-07-13,48498000.000000015
2023-07-13,48498000.000000015
2023-07-13,48498000.000000015
2023-07-13,48498000.000000015
2023-07-13,48498000.000000015
2023-07-13,48498000.000000015
2023-07-13,48498000.000000015
2023-07-13,48498000.000000015
2023-07-13,48498000.000000015
2023-07-13,48498000.000000015
2023-07-13,48498000.000000015
2023-07-13,48498000.000000015
2023-07-13,48498000.000000015
2023-07-13,48498000.000000015
2023-07-13,48498000.000000015
2023-07-13,48498000.000000015
2023-07-13,48498000.000000015
2023-07-13,48498000.000000015
2023-07-13,48561000.000000015
2023-07-13,48561000.000000015
2023-07-13,48561000.000000015
2023-07-13,48561000.000000015
2023-07-13,48561000.000000015
2023-07-13,48561000.000000015
2023-07-13,48561000.000000015
2023-07-13,48561000.000000015
2023-07-13,48561000.000000015
2023-07-13,48561000.000000015
2023-07-13,48561000.000000015
2023-07-13,48414000.000000015
2023-07-13,48414000.000000015
2023-07-13,48414000.000000015
2023-07-13,48414000.000000015
2023-07-13,48414000.000000015
2023-07-13,48414000.000000015
2023-07-13,48414000.000000015
2023-07-13,48414000.000000015
2023-07-13,48414000.000000015
2023-07-13,48414000.000000015
2023-07-13,48414000.000000015
2023-07-13,48414000.000000015
2023-07-14,48414000.000000015
2023-07-14,48414000.000000015
2023-07-14,48414000.000000015
2023-07-14,48414000.000000015
2023-07-14,48414000.000000015
2023-07-14,48414000.000000015
2023-07-14,48414000.000000015
2023-07-14,48414000.000000015
2023-07-14,48414000.000000015
2023-07-14,48414000.000000015
2023-07-14,48414000.000000015
2023-07-14,48414000.000000015
2023-07-14,48414000.000000015
2023-07-14,48414000.000000015
2023-07-14,48414000.000000015
2023-07-14,48757000.000000015
2023-07-14,48757000.000000015
2023-07-14,48757000.000000015
2023-07-14,48757000.000000015
2023-07-14,48757000.000000015
2023-07-14,48757000.000000015
2023-07-14,48757000.000000015
2023-07-14,48757000.000000015
2023-07-14,48757000.000000015
2023-07-14,48757000.000000015
2023-07-14,48757000.000000015
2023-07-14,48757000.000000015
2023-07-14,48757000.000000015
2023-07-14,48757000.000000015
2023-07-14,48757000.000000015
2023-07-14,48757000.000000015
2023-07-14,48757000.000000015
2023-07-14,48757000.000000015
2023-07-14,48757000.000000015
2023-07-14,48757000.000000015
2023-07-14,48757000.000000015
2023-07-14,48757000.000000015
2023-07-14,48757000.000000015
2023-07-14,48757000.000000015
2023-07-14,48757000.000000015
2023-07-14,48757000.000000015
2023-07-14,48757000.000000015
2023-07-14,48757000.000000015
2023-07-14,48757000.000000015
2023-07-14,48757000.000000015
2023-07-14,48757000.000000015
2023-07-14,48960000.000000015
2023-07-14,48960000.000000015
2023-07-14,48960000.000000015
2023-07-17,48960000.000000015
2023-07-17,48960000.000000015
2023-07-17,48960000.000000015
2023-07-17,48960000.000000015
2023-07-17,48960000.000000015
2023-07-17,48960000.000000015
2023-07-17,48960000.000000015
2023-07-17,48960000.000000015
2023-07-17,48960000.000000015
2023-07-17,48960000.000000015
2023-07-17,48960000.000000015
2023-07-17,48960000.000000015
2023-07-17,48960000.000000015
2023-07-17,48960000.000000015
2023-07-17,48960000.000000015
2023-07-17,48960000.000000015
2023-07-17,48960000.000000015
2023-07-17,48960000.000000015
2023-07-17,48960000.000000015
2023-07-17,48960000.000000015
2023-07-17,48960000.000000015
2023-07-17,48960000.000000015
2023-07-17,48960000.000000015
2023-07-17,48960000.000000015
2023-07-17,48960000.000000015
2023-07-17,48960000.000000015
2023-07-17,48960000.000000015
2023-07-17,48960000.000000015
2023-07-17,48960000.000000015
2023-07-17,48960000.000000015
2023-07-17,48960000.000000015
2023-07-17,48960000.000000015
2023-07-17,48960000.000000015
2023-07-17,48960000.000000015
2023-07-17,48960000.000000015
2023-07-17,48960000.000000015
2023-07-17,48960000.000000015
2023-07-17,48960000.000000015
2023-07-17,48960000.000000015
2023-07-17,48960000.000000015
2023-07-17,48960000.000000015
2023-07-17,49003000.000000015
2023-07-17,49003000.000000015
2023-07-17,49003000.000000015
2023-07-17,49003000.000000015
2023-07-17,49003000.000000015
2023-07-17,49003000.000000015
2023-07-17,49003000.000000015
2023-07-17,49003000.000000015
2023-07-18,49003000.000000015
2023-07-18,49003000.000000015
2023-07-18,49003000.000000015
2023-07-18,49003000.000000015
2023-07-18,49003000.000000015
2023-07-18,49003000.000000015
2023-07-18,49003000.000000015
2023-07-18,49003000.000000015
2023-07-18,49003000.000000015
2023-07-18,49003000.000000015
2023-07-18,49003000.000000015
2023-07-18,49003000.000000015
2023-07-18,49003000.000000015
2023-07-18,49003000.000000015
2023-07-18,49003000.000000015
2023-07-18,49003000.000000015
2023-07-18,49003000.000000015
2023-07-18,49003000.000000015
2023-07-18,49003000.000000015
2023-07-18,49003000.000000015
2023-07-18,49003000.000000015
2023-07-18,49003000.000000015
2023-07-18,49003000.000000015
2023-07-18,49003000.000000015
2023-07-18,49003000.000000015
2023-07-18,49003000.000000015
2023-07-18,49003000.000000015
2023-07-18,49003000.000000015
2023-07-18,48846000.000000015
2023-07-18,48846000.000000015
2023-07-18,48846000.000000015
2023-07-18,48846000.000000015
2023-07-18,48846000.000000015
2023-07-18,48846000.000000015
2023-07-18,48846000.000000015
2023-07-18,48846000.000000015
2023-07-18,48846000.000000015
2023-07-18,48846000.000000015
2023-07-18,48846000.000000015
2023-07-18,48846000.000000015
2023-07-18,48549000.000000015
2023-07-18,48549000.000000015
2023-07-18,48549000.000000015
2023-07-18,48549000.000000015
2023-07-18,48549000.000000015
2023-07-18,48549000.000000015
2023-07-18,48549000.000000015
2023-07-18,48549000.000000015
2023-07-18,48549000.000000015
2023-07-19,48549000.000000015
2023-07-19,48549000.000000015
2023-07-19,48549000.000000015
2023-07-19,48549000.000000015
2023-07-19,48549000.000000015
2023-07-19,48549000.000000015
2023-07-19,48549000.000000015
2023-07-19,48549000.000000015
2023-07-19,48549000.000000015
2023-07-19,48549000.000000015
2023-07-19,48549000.000000015
2023-07-19,48549000.000000015
2023-07-19,48549000.000000015
2023-07-19,48549000.000000015
2023-07-19,48549000.000000015
2023-07-19,48549000.000000015
2023-07-19,48549000.000000015
2023-07-19,48549000.000000015
2023-07-19,48549000.000000015
2023-07-19,48549000.000000015
2023-07-19,48962000.000000015
2023-07-19,48962000.000000015
2023-07-19,48962000.000000015
2023-07-19,48962000.000000015
2023-07-19,48962000.000000015
2023-07-19,48962000.000000015
2023-07-19,48962000.000000015
2023-07-19,48962000.000000015
2023-07-19,48962000.000000015
2023-07-19,48962000.000000015
2023-07-19,48962000.000000015
2023-07-19,48962000.000000015
2023-07-19,48962000.000000015
2023-07-19,48962000.000000015
2023-07-19,48962000.000000015
2023-07-19,48962000.000000015
2023-07-19,48962000.000000015
2023-07-19,48962000.000000015
2023-07-19,48962000.000000015
2023-07-19,48962000.000000015
2023-07-19,48962000.000000015
2023-07-19,48962000.000000015
2023-07-19,48805000.000000015
2023-07-19,48805000.000000015
2023-07-19,48805000.000000015
2023-07-19,48805000.000000015
2023-07-19,48805000.000000015
2023-07-19,48805000.000000015
2023-07-19,48805000.000000015
2023-07-20,48805000.000000015
2023-07-20,48805000.000000015
2023-07-20,48805000.000000015
2023-07-20,48805000.000000015
2023-07-20,48805000.000000015
2023-07-20,48805000.000000015
2023-07-20,48805000.000000015
2023-07-20,48805000.000000015
2023-07-20,48805000.000000015
2023-07-20,48805000.000000015
2023-07-20,48805000.000000015
2023-07-20,48805000.000000015
2023-07-20,48805000.000000015
2023-07-20,48805000.000000015
2023-07-20,48805000.000000015
2023-07-20,48805000.000000015
2023-07-20,48805000.000000015
2023-07-20,48805000.000000015
2023-07-20,48805000.000000015
2023-07-20,48805000.000000015
2023-07-20,48805000.000000015
2023-07-20,48805000.000000015
2023-07-20,48805000.000000015
2023-07-20,48805000.000000015
2023-07-20,48805000.000000015
2023-07-20,48805000.000000015
2023-07-20,48805000.000000015
2023-07-20,48805000.000000015
2023-07-20,48805000.000000015
2023-07-20,48805000.000000015
2023-07-20,48805000.000000015
2023-07-20,48805000.000000015
2023-07-20,48805000.000000015
2023-07-20,48805000.000000015
2023-07-20,48805000.000000015
2023-07-20,48805000.000000015
2023-07-20,48805000.000000015
2023-07-20,48805000.000000015
2023-07-20,48805000.000000015
2023-07-20,48805000.000000015
2023-07-20,48838000.000000015
2023-07-20,48838000.000000015
2023-07-20,48838000.000000015
2023-07-20,48838000.000000015
2023-07-20,48838000.000000015
2023-07-20,48481000.000000015
2023-07-20,48481000.000000015
2023-07-20,48481000.000000015
2023-07-20,48481000.000000015
2023-07-21,48434000.000000015
2023-07-21,48434000.000000015
2023-07-21,48434000.000000015
2023-07-21,48434000.000000015
2023-07-21,48434000.000000015
2023-07-21,48434000.000000015
2023-07-21,48434000.000000015
2023-07-21,48434000.000000015
2023-07-21,48434000.000000015
2023-07-21,48434000.000000015
2023-07-21,48434000.000000015
2023-07-21,48434000.000000015
2023-07-21,48434000.000000015
2023-07-21,48434000.000000015
2023-07-21,48434000.000000015
2023-07-21,48434000.000000015
2023-07-21,48434000.000000015
2023-07-21,48434000.000000015
2023-07-21,48434000.000000015
2023-07-21,48434000.000000015
2023-07-21,48434000.000000015
2023-07-21,48434000.000000015
2023-07-21,48434000.000000015
2023-07-21,48434000.000000015
2023-07-21,48434000.000000015
2023-07-21,48434000.000000015
2023-07-21,48434000.000000015
2023-07-21,48434000.000000015
2023-07-21,48434000.000000015
2023-07-21,48434000.000000015
2023-07-21,48434000.000000015
2023-07-21,48434000.000000015
2023-07-21,48434000.000000015
2023-07-21,48434000.000000015
2023-07-21,48434000.000000015
2023-07-21,48434000.000000015
2023-07-21,48434000.000000015
2023-07-21,48434000.000000015
2023-07-21,48434000.000000015
2023-07-21,48434000.000000015
2023-07-21,48434000.000000015
2023-07-21,48434000.000000015
2023-07-21,48434000.000000015
2023-07-21,48434000.000000015
2023-07-21,48434000.000000015
2023-07-21,48434000.000000015
2023-07-21,48434000.000000015
2023-07-21,48434000.000000015
2023-07-21,48434000.000000015
2023-07-24,48434000.000000015
2023-07-24,48434000.000000015
2023-07-24,48434000.000000015
2023-07-24,48434000.000000015
2023-07-24,48434000.000000015
2023-07-24,48434000.000000015
2023-07-24,48434000.000000015
2023-07-24,48434000.000000015
2023-07-24,48434000.000000015
2023-07-24,48434000.000000015
2023-07-24,48434000.000000015
2023-07-24,48434000.000000015
2023-07-24,48434000.000000015
2023-07-24,48434000.000000015
2023-07-24,48434000.000000015
2023-07-24,50507000.000000015
2023-07-24,50507000.000000015
2023-07-24,50507000.000000015
2023-07-24,50507000.000000015
2023-07-24,50507000.000000015
2023-07-24,50507000.000000015
2023-07-24,50507000.000000015
2023-07-24,50507000.000000015
2023-07-24,50507000.000000015
2023-07-24,50507000.000000015
2023-07-24,50507000.000000015
2023-07-24,50507000.000000015
2023-07-24,50507000.000000015
2023-07-24,50507000.000000015
2023-07-24,50507000.000000015
2023-07-24,50507000.000000015
2023-07-24,50507000.000000015
2023-07-24,50507000.000000015
2023-07-24,50507000.000000015
2023-07-24,50507000.000000015
2023-07-24,50507000.000000015
2023-07-24,50507000.000000015
2023-07-24,50507000.000000015
2023-07-24,50507000.000000015
2023-07-24,50507000.000000015
2023-07-24,50507000.000000015
2023-07-24,50507000.000000015
2023-07-24,50507000.000000015
2023-07-24,50507000.000000015
2023-07-24,50507000.000000015
2023-07-24,50507000.000000015
2023-07-24,50507000.000000015
2023-07-24,50507000.000000015
2023-07-24,50507000.000000015
2023-07-25,50507000.000000015
2023-07-25,50507000.000000015
2023-07-25,50507000.000000015
2023-07-25,50507000.000000015
2023-07-25,50507000.000000015
2023-07-25,50507000.000000015
2023-07-25,50507000.000000015
2023-07-25,50507000.000000015
2023-07-25,50507000.000000015
2023-07-25,50507000.000000015
2023-07-25,50507000.000000015
2023-07-25,50507000.000000015
2023-07-25,50507000.000000015
2023-07-25,50507000.000000015
2023-07-25,50507000.000000015
2023-07-25,50507000.000000015
2023-07-25,50507000.000000015
2023-07-25,50507000.000000015
2023-07-25,50507000.000000015
2023-07-25,50507000.000000015
2023-07-25,50507000.000000015
2023-07-25,50507000.000000015
2023-07-25,50507000.000000015
2023-07-25,50507000.000000015
2023-07-25,50507000.000000015
2023-07-25,50507000.000000015
2023-07-25,51080000.000000015
2023-07-25,51080000.000000015
2023-07-25,51080000.000000015
2023-07-25,51080000.000000015
2023-07-25,51080000.000000015
2023-07-25,51080000.000000015
2023-07-25,51080000.000000015
2023-07-25,51080000.000000015
2023-07-25,51080000.000000015
2023-07-25,51080000.000000015
2023-07-25,51080000.000000015
2023-07-25,51080000.000000015
2023-07-25,51080000.000000015
2023-07-25,51080000.000000015
2023-07-25,51080000.000000015
2023-07-25,51080000.000000015
2023-07-25,51080000.000000015
2023-07-25,51080000.000000015
2023-07-25,50853000.000000015
2023-07-25,50853000.000000015
2023-07-25,50853000.000000015
2023-07-25,50853000.000000015
2023-07-25,50853000.000000015
2023-07-26,50853000.000000015
2023-07-26,50853000.000000015
2023-07-26,50853000.000000015
2023-07-26,50853000.000000015
2023-07-26,50666000.000000015
2023-07-26,50666000.000000015
2023-07-26,50666000.000000015
2023-07-26,50666000.000000015
2023-07-26,50666000.000000015
2023-07-26,50666000.000000015
2023-07-26,50666000.000000015
2023-07-26,50666000.000000015
2023-07-26,50666000.000000015
2023-07-26,50479000.000000015
2023-07-26,50479000.000000015
2023-07-26,50479000.000000015
2023-07-26,50479000.000000015
2023-07-26,50479000.000000015
2023-07-26,50479000.000000015
2023-07-26,50479000.000000015
2023-07-26,50479000.000000015
2023-07-26,50479000.000000015
2023-07-26,50479000.000000015
2023-07-26,50479000.000000015
2023-07-26,50479000.000000015
2023-07-26,50479000.000000015
2023-07-26,50312000.000000015
2023-07-26,50312000.000000015
2023-07-26,50312000.000000015
2023-07-26,50312000.000000015
2023-07-26,50312000.000000015
2023-07-26,50312000.000000015
2023-07-26,50312000.000000015
2023-07-26,50312000.000000015
2023-07-26,50312000.000000015
2023-07-26,50312000.000000015
2023-07-26,50165000.000000015
2023-07-26,50165000.000000015
2023-07-26,50165000.000000015
2023-07-26,50165000.000000015
2023-07-26,50165000.000000015
2023-07-26,50165000.000000015
2023-07-26,50165000.000000015
2023-07-26,49958000.000000015
2023-07-26,49958000.000000015
2023-07-26,49958000.000000015
2023-07-26,49958000.000000015
2023-07-26,49958000.000000015
2023-07-26,49958000.000000015
2023-07-27,49958000.000000015
2023-07-27,49958000.000000015
2023-07-27,49958000.000000015
2023-07-27,49958000.000000015
2023-07-27,49958000.000000015
2023-07-27,49958000.000000015
2023-07-27,49958000.000000015
2023-07-27,49958000.000000015
2023-07-27,49958000.000000015
2023-07-27,49958000.000000015
2023-07-27,49958000.000000015
2023-07-27,49958000.000000015
2023-07-27,49958000.000000015
2023-07-27,49958000.000000015
2023-07-27,49958000.000000015
2023-07-27,49958000.000000015
2023-07-27,50261000.000000015
2023-07-27,50261000.000000015
2023-07-27,50261000.000000015
2023-07-27,50261000.000000015
2023-07-27,50261000.000000015
2023-07-27,50261000.000000015
2023-07-27,50261000.000000015
2023-07-27,50261000.000000015
2023-07-27,50261000.000000015
2023-07-27,50261000.000000015
2023-07-27,50261000.000000015
2023-07-27,50261000.000000015
2023-07-27,50261000.000000015
2023-07-27,50261000.000000015
2023-07-27,50261000.000000015
2023-07-27,50261000.000000015
2023-07-27,50261000.000000015
2023-07-27,50261000.000000015
2023-07-27,50484000.000000015
2023-07-27,50484000.000000015
2023-07-27,50484000.000000015
2023-07-27,50484000.000000015
2023-07-27,50484000.000000015
2023-07-27,50484000.000000015
2023-07-27,50484000.000000015
2023-07-27,50484000.000000015
2023-07-27,50484000.000000015
2023-07-27,50484000.000000015
2023-07-27,50484000.000000015
2023-07-27,50484000.000000015
2023-07-27,50484000.000000015
2023-07-27,50484000.000000015
2023-07-27,50484000.000000015
2023-07-28,50484000.000000015
2023-07-28,50484000.000000015
2023-07-28,50484000.000000015
2023-07-28,50484000.000000015
2023-07-28,50484000.000000015
2023-07-28,50484000.000000015
2023-07-28,50484000.000000015
2023-07-28,50484000.000000015
2023-07-28,50484000.000000015
2023-07-28,50484000.000000015
2023-07-28,50484000.000000015
2023-07-28,50484000.000000015
2023-07-28,50227000.000000015
2023-07-28,50227000.000000015
2023-07-28,50227000.000000015
2023-07-28,50227000.000000015
2023-07-28,50227000.000000015
2023-07-28,50227000.000000015
2023-07-28,50227000.000000015
2023-07-28,50227000.000000015
2023-07-28,50227000.000000015
2023-07-28,50227000.000000015
2023-07-28,50227000.000000015
2023-07-28,50227000.000000015
2023-07-28,50227000.000000015
2023-07-28,50227000.000000015
2023-07-28,50227000.000000015
2023-07-28,50227000.000000015
2023-07-28,50227000.000000015
2023-07-28,50227000.000000015
2023-07-28,50227000.000000015
2023-07-28,50227000.000000015
2023-07-28,50227000.000000015
2023-07-28,50227000.000000015
2023-07-28,50227000.000000015
2023-07-28,50227000.000000015
2023-07-28,50227000.000000015
2023-07-28,50227000.000000015
2023-07-28,50227000.000000015
2023-07-28,50227000.000000015
2023-07-28,50500000.000000015
2023-07-28,50500000.000000015
2023-07-28,50500000.000000015
2023-07-28,50500000.000000015
2023-07-28,50500000.000000015
2023-07-28,50500000.000000015
2023-07-28,50500000.000000015
2023-07-28,50500000.000000015
2023-07-28,50500000.000000015
2023-07-31,50500000.000000015
2023-07-31,50500000.000000015
2023-07-31,50500000.000000015
2023-07-31,50500000.000000015
2023-07-31,50500000.000000015
2023-07-31,50500000.000000015
2023-07-31,50500000.000000015
2023-07-31,50500000.000000015
2023-07-31,50500000.000000015
2023-07-31,50500000.000000015
2023-07-31,50500000.000000015
2023-07-31,50500000.000000015
2023-07-31,50500000.000000015
2023-07-31,50500000.000000015
2023-07-31,50500000.000000015
2023-07-31,50500000.000000015
2023-07-31,50500000.000000015
2023-07-31,50500000.000000015
2023-07-31,50500000.000000015
2023-07-31,50500000.000000015
2023-07-31,50500000.000000015
2023-07-31,50500000.000000015
2023-07-31,50500000.000000015
2023-07-31,51653000.000000015
2023-07-31,51653000.000000015
2023-07-31,51653000.000000015
2023-07-31,51653000.000000015
2023-07-31,51653000.000000015
2023-07-31,51653000.000000015
2023-07-31,51653000.000000015
2023-07-31,51653000.000000015
2023-07-31,51653000.000000015
2023-07-31,51653000.000000015
2023-07-31,51653000.000000015
2023-07-31,51653000.000000015
2023-07-31,51653000.000000015
2023-07-31,51653000.000000015
2023-07-31,51653000.000000015
2023-07-31,51653000.000000015
2023-07-31,51653000.000000015
2023-07-31,51653000.000000015
2023-07-31,51653000.000000015
2023-07-31,51653000.000000015
2023-07-31,51653000.000000015
2023-07-31,51653000.000000015
2023-07-31,51653000.000000015
2023-07-31,51653000.000000015
2023-07-31,51653000.000000015
2023-07-31,51653000.000000015
2023-08-01,51653000.000000015
2023-08-01,51653000.000000015
2023-08-01,51653000.000000015
2023-08-01,51653000.000000015
2023-08-01,51653000.000000015
2023-08-01,51653000.000000015
2023-08-01,51653000.000000015
2023-08-01,51653000.000000015
2023-08-01,51653000.000000015
2023-08-01,51653000.000000015
2023-08-01,51653000.000000015
2023-08-01,51653000.000000015
2023-08-01,51653000.000000015
2023-08-01,51653000.000000015
2023-08-01,51653000.000000015
2023-08-01,51653000.000000015
2023-08-01,51653000.000000015
2023-08-01,51653000.000000015
2023-08-01,51653000.000000015
2023-08-01,51653000.000000015
2023-08-01,51653000.000000015
2023-08-01,51653000.000000015
2023-08-01,51653000.000000015
2023-08-01,51653000.000000015
2023-08-01,51653000.000000015
2023-08-01,51653000.000000015
2023-08-01,51653000.000000015
2023-08-01,51653000.000000015
2023-08-01,51653000.000000015
2023-08-01,51653000.000000015
2023-08-01,53746000.000000015
2023-08-01,53746000.000000015
2023-08-01,53746000.000000015
2023-08-01,53746000.000000015
2023-08-01,53746000.000000015
2023-08-01,53746000.000000015
2023-08-01,53746000.000000015
2023-08-01,53746000.000000015
2023-08-01,53746000.000000015
2023-08-01,53746000.000000015
2023-08-01,53746000.000000015
2023-08-01,53746000.000000015
2023-08-01,53746000.000000015
2023-08-01,53746000.000000015
2023-08-01,53746000.000000015
2023-08-01,53449000.000000015
2023-08-01,53449000.000000015
2023-08-01,53449000.000000015
2023-08-01,53449000.000000015
2023-08-02,53449000.000000015
2023-08-02,53449000.000000015
2023-08-02,53449000.000000015
2023-08-02,53449000.000000015
2023-08-02,53449000.000000015
2023-08-02,53449000.000000015
2023-08-02,53449000.000000015
2023-08-02,53449000.000000015
2023-08-02,53449000.000000015
2023-08-02,53449000.000000015
2023-08-02,53172000.000000015
2023-08-02,53172000.000000015
2023-08-02,53172000.000000015
2023-08-02,53172000.000000015
2023-08-02,53172000.000000015
2023-08-02,53172000.000000015
2023-08-02,53172000.000000015
2023-08-02,53172000.000000015
2023-08-02,53172000.000000015
2023-08-02,53172000.000000015
2023-08-02,53172000.000000015
2023-08-02,53172000.000000015
2023-08-02,53172000.000000015
2023-08-02,53172000.000000015
2023-08-02,53172000.000000015
2023-08-02,53172000.000000015
2023-08-02,53172000.000000015
2023-08-02,53172000.000000015
2023-08-02,53172000.000000015
2023-08-02,53172000.000000015
2023-08-02,53172000.000000015
2023-08-02,53172000.000000015
2023-08-02,53172000.000000015
2023-08-02,52925000.000000015
2023-08-02,52925000.000000015
2023-08-02,52925000.000000015
2023-08-02,52925000.000000015
2023-08-02,52925000.000000015
2023-08-02,52925000.000000015
2023-08-02,52925000.000000015
2023-08-02,52925000.000000015
2023-08-02,52925000.000000015
2023-08-02,52925000.000000015
2023-08-02,52925000.000000015
2023-08-02,52925000.000000015
2023-08-02,52925000.000000015
2023-08-02,52438000.000000015
2023-08-02,52438000.000000015
2023-08-03,52438000.000000015
2023-08-03,52438000.000000015
2023-08-03,52438000.000000015
2023-08-03,52438000.000000015
2023-08-03,52438000.000000015
2023-08-03,52438000.000000015
2023-08-03,52438000.000000015
2023-08-03,52438000.000000015
2023-08-03,52438000.000000015
2023-08-03,52438000.000000015
2023-08-03,52438000.000000015
2023-08-03,52438000.000000015
2023-08-03,52438000.000000015
2023-08-03,52438000.000000015
2023-08-03,52438000.000000015
2023-08-03,52438000.000000015
2023-08-03,52438000.000000015
2023-08-03,52438000.000000015
2023-08-03,52438000.000000015
2023-08-03,52438000.000000015
2023-08-03,52438000.000000015
2023-08-03,52301000.000000015
2023-08-03,52301000.000000015
2023-08-03,52301000.000000015
2023-08-03,52301000.000000015
2023-08-03,52301000.000000015
2023-08-03,52301000.000000015
2023-08-03,52084000.000000015
2023-08-03,52084000.000000015
2023-08-03,52084000.000000015
2023-08-03,52084000.000000015
2023-08-03,52084000.000000015
2023-08-03,52084000.000000015
2023-08-03,52084000.000000015
2023-08-03,52084000.000000015
2023-08-03,52084000.000000015
2023-08-03,52084000.000000015
2023-08-03,52084000.000000015
2023-08-03,52084000.000000015
2023-08-03,52084000.000000015
2023-08-03,52084000.000000015
2023-08-03,52084000.000000015
2023-08-03,52084000.000000015
2023-08-03,52084000.000000015
2023-08-03,52084000.000000015
2023-08-03,52084000.000000015
2023-08-03,52084000.000000015
2023-08-03,52084000.000000015
2023-08-03,52084000.000000015
2023-08-04,52497000.000000015
2023-08-04,52497000.000000015
2023-08-04,52497000.000000015
2023-08-04,52497000.000000015
2023-08-04,52497000.000000015
2023-08-04,52497000.000000015
2023-08-04,52497000.000000015
2023-08-04,52497000.000000015
2023-08-04,52497000.000000015
2023-08-04,52497000.000000015
2023-08-04,52497000.000000015
2023-08-04,52497000.000000015
2023-08-04,52497000.000000015
2023-08-04,52497000.000000015
2023-08-04,52497000.000000015
2023-08-04,52497000.000000015
2023-08-04,52497000.000000015
2023-08-04,52497000.000000015
2023-08-04,52497000.000000015
2023-08-04,52497000.000000015
2023-08-04,52497000.000000015
2023-08-04,52497000.000000015
2023-08-04,52497000.000000015
2023-08-04,52497000.000000015
2023-08-04,52497000.000000015
2023-08-04,52497000.000000015
2023-08-04,52497000.000000015
2023-08-04,52497000.000000015
2023-08-04,52497000.000000015
2023-08-04,52497000.000000015
2023-08-04,52497000.000000015
2023-08-04,52497000.000000015
2023-08-04,52497000.000000015
2023-08-04,52497000.000000015
2023-08-04,52497000.000000015
2023-08-04,52497000.000000015
2023-08-04,52497000.000000015
2023-08-04,52497000.000000015
2023-08-04,52497000.000000015
2023-08-04,52497000.000000015
2023-08-04,53100000.000000015
2023-08-04,53100000.000000015
2023-08-04,53100000.000000015
2023-08-04,53100000.000000015
2023-08-04,53100000.000000015
2023-08-04,53100000.000000015
2023-08-04,53100000.000000015
2023-08-04,53100000.000000015
2023-08-04,53100000.000000015
2023-08-07,53100000.000000015
2023-08-07,53100000.000000015
2023-08-07,53100000.000000015
2023-08-07,53100000.000000015
2023-08-07,53100000.000000015
2023-08-07,53100000.000000015
2023-08-07,53100000.000000015
2023-08-07,53100000.000000015
2023-08-07,53100000.000000015
2023-08-07,53100000.000000015
2023-08-07,53100000.000000015
2023-08-07,53100000.000000015
2023-08-07,53100000.000000015
2023-08-07,53100000.000000015
2023-08-07,53100000.000000015
2023-08-07,53100000.000000015
2023-08-07,53100000.000000015
2023-08-07,53100000.000000015
2023-08-07,53100000.000000015
2023-08-07,53100000.000000015
2023-08-07,53100000.000000015
2023-08-07,53100000.000000015
2023-08-07,53100000.000000015
2023-08-07,53100000.000000015
2023-08-07,53100000.000000015
2023-08-07,53100000.000000015
2023-08-07,53100000.000000015
2023-08-07,54753000.000000015
2023-08-07,54753000.000000015
2023-08-07,54753000.000000015
2023-08-07,54753000.000000015
2023-08-07,54753000.000000015
2023-08-07,54753000.000000015
2023-08-07,54753000.000000015
2023-08-07,54446000.000000015
2023-08-07,54446000.000000015
2023-08-07,54446000.000000015
2023-08-07,54446000.000000015
2023-08-07,54446000.000000015
2023-08-07,54446000.000000015
2023-08-07,54446000.000000015
2023-08-07,54446000.000000015
2023-08-07,54446000.000000015
2023-08-07,54446000.000000015
2023-08-07,54229000.000000015
2023-08-07,54229000.000000015
2023-08-07,54229000.000000015
2023-08-07,54229000.000000015
2023-08-07,54229000.000000015
2023-08-08,54229000.000000015
2023-08-08,54229000.000000015
2023-08-08,54229000.000000015
2023-08-08,54229000.000000015
2023-08-08,54229000.000000015
2023-08-08,54229000.000000015
2023-08-08,54229000.000000015
2023-08-08,54229000.000000015
2023-08-08,54229000.000000015
2023-08-08,54229000.000000015
2023-08-08,54229000.000000015
2023-08-08,54229000.000000015
2023-08-08,54229000.000000015
2023-08-08,54229000.000000015
2023-08-08,54229000.000000015
2023-08-08,54229000.000000015
2023-08-08,54229000.000000015
2023-08-08,54242000.000000015
2023-08-08,54242000.000000015
2023-08-08,54242000.000000015
2023-08-08,54242000.000000015
2023-08-08,54242000.000000015
2023-08-08,54242000.000000015
2023-08-08,54242000.000000015
2023-08-08,54242000.000000015
2023-08-08,54242000.000000015
2023-08-08,54242000.000000015
2023-08-08,54242000.000000015
2023-08-08,54242000.000000015
2023-08-08,54242000.000000015
2023-08-08,54242000.000000015
2023-08-08,54242000.000000015
2023-08-08,54242000.000000015
2023-08-08,54242000.000000015
2023-08-08,54242000.000000015
2023-08-08,54242000.000000015
2023-08-08,54242000.000000015
2023-08-08,54242000.000000015
2023-08-08,54242000.000000015
2023-08-08,54242000.000000015
2023-08-08,54242000.000000015
2023-08-08,54242000.000000015
2023-08-08,53945000.000000015
2023-08-08,53945000.000000015
2023-08-08,53945000.000000015
2023-08-08,53945000.000000015
2023-08-08,53945000.000000015
2023-08-08,53945000.000000015
2023-08-08,53945000.000000015
2023-08-09,53428000.000000015
2023-08-09,53428000.000000015
2023-08-09,53428000.000000015
2023-08-09,53428000.000000015
2023-08-09,53428000.000000015
2023-08-09,53428000.000000015
2023-08-09,53428000.000000015
2023-08-09,53428000.000000015
2023-08-09,53428000.000000015
2023-08-09,53428000.000000015
2023-08-09,53428000.000000015
2023-08-09,53428000.000000015
2023-08-09,53428000.000000015
2023-08-09,53428000.000000015
2023-08-09,53428000.000000015
2023-08-09,53428000.000000015
2023-08-09,53428000.000000015
2023-08-09,53428000.000000015
2023-08-09,53428000.000000015
2023-08-09,53428000.000000015
2023-08-09,53428000.000000015
2023-08-09,53428000.000000015
2023-08-09,53428000.000000015
2023-08-09,53428000.000000015
2023-08-09,53428000.000000015
2023-08-09,53428000.000000015
2023-08-09,53428000.000000015
2023-08-09,53428000.000000015
2023-08-09,53428000.000000015
2023-08-09,53428000.000000015
2023-08-09,53428000.000000015
2023-08-09,53428000.000000015
2023-08-09,53428000.000000015
2023-08-09,53428000.000000015
2023-08-09,53428000.000000015
2023-08-09,53428000.000000015
2023-08-09,53428000.000000015
2023-08-09,53428000.000000015
2023-08-09,53428000.000000015
2023-08-09,53991000.000000015
2023-08-09,53991000.000000015
2023-08-09,53991000.000000015
2023-08-09,53644000.000000015
2023-08-09,53644000.000000015
2023-08-09,53644000.000000015
2023-08-09,53644000.000000015
2023-08-09,53644000.000000015
2023-08-09,53357000.000000015
2023-08-09,53357000.000000015
2023-08-10,53357000.000000015
2023-08-10,53357000.000000015
2023-08-10,53357000.000000015
2023-08-10,53357000.000000015
2023-08-10,53357000.000000015
2023-08-10,53357000.000000015
2023-08-10,53357000.000000015
2023-08-10,53357000.000000015
2023-08-10,53357000.000000015
2023-08-10,53357000.000000015
2023-08-10,53357000.000000015
2023-08-10,53357000.000000015
2023-08-10,53357000.000000015
2023-08-10,53357000.000000015
2023-08-10,53357000.000000015
2023-08-10,53357000.000000015
2023-08-10,53357000.000000015
2023-08-10,53357000.000000015
2023-08-10,53357000.000000015
2023-08-10,53357000.000000015
2023-08-10,53357000.000000015
2023-08-10,53357000.000000015
2023-08-10,53357000.000000015
2023-08-10,53357000.000000015
2023-08-10,53357000.000000015
2023-08-10,53357000.000000015
2023-08-10,53357000.000000015
2023-08-10,53357000.000000015
2023-08-10,53357000.000000015
2023-08-10,53357000.000000015
2023-08-10,53357000.000000015
2023-08-10,53357000.000000015
2023-08-10,53490000.000000015
2023-08-10,53490000.000000015
2023-08-10,53490000.000000015
2023-08-10,53490000.000000015
2023-08-10,53490000.000000015
2023-08-10,53490000.000000015
2023-08-10,53490000.000000015
2023-08-10,53490000.000000015
2023-08-10,53490000.000000015
2023-08-10,53490000.000000015
2023-08-10,53490000.000000015
2023-08-10,53490000.000000015
2023-08-10,53490000.000000015
2023-08-10,53490000.000000015
2023-08-10,53490000.000000015
2023-08-10,53490000.000000015
2023-08-10,53490000.000000015
2023-08-11,53583000.000000015
2023-08-11,53583000.000000015
2023-08-11,53583000.000000015
2023-08-11,53583000.000000015
2023-08-11,53583000.000000015
2023-08-11,53583000.000000015
2023-08-11,53583000.000000015
2023-08-11,53583000.000000015
2023-08-11,53583000.000000015
2023-08-11,53583000.000000015
2023-08-11,53583000.000000015
2023-08-11,53386000.000000015
2023-08-11,53386000.000000015
2023-08-11,53386000.000000015
2023-08-11,53386000.000000015
2023-08-11,53386000.000000015
2023-08-11,53386000.000000015
2023-08-11,53386000.000000015
2023-08-11,53386000.000000015
2023-08-11,53386000.000000015
2023-08-11,53386000.000000015
2023-08-11,53386000.000000015
2023-08-11,53386000.000000015
2023-08-11,53386000.000000015
2023-08-11,53386000.000000015
2023-08-11,53386000.000000015
2023-08-11,53386000.000000015
2023-08-11,53386000.000000015
2023-08-11,53386000.000000015
2023-08-11,53386000.000000015
2023-08-11,53386000.000000015
2023-08-11,53386000.000000015
2023-08-11,53386000.000000015
2023-08-11,53386000.000000015
2023-08-11,53386000.000000015
2023-08-11,53386000.000000015
2023-08-11,53859000.000000015
2023-08-11,53859000.000000015
2023-08-11,53859000.000000015
2023-08-11,53859000.000000015
2023-08-11,53859000.000000015
2023-08-11,53859000.000000015
2023-08-11,53859000.000000015
2023-08-11,53859000.000000015
2023-08-11,53859000.000000015
2023-08-11,53859000.000000015
2023-08-11,53859000.000000015
2023-08-11,53859000.000000015
2023-08-11,53859000.000000015
2023-08-14,53859000.000000015
2023-08-14,54222000.000000015
2023-08-14,54222000.000000015
2023-08-14,54222000.000000015
2023-08-14,54222000.000000015
2023-08-14,53975000.000000015
2023-08-14,53975000.000000015
2023-08-14,53975000.000000015
2023-08-14,53975000.000000015
2023-08-14,53975000.000000015
2023-08-14,53975000.000000015
2023-08-14,53975000.000000015
2023-08-14,53975000.000000015
2023-08-14,53975000.000000015
2023-08-14,53975000.000000015
2023-08-14,53975000.000000015
2023-08-14,53975000.000000015
2023-08-14,53975000.000000015
2023-08-14,53975000.000000015
2023-08-14,53975000.000000015
2023-08-14,53975000.000000015
2023-08-14,53975000.000000015
2023-08-14,53975000.000000015
2023-08-14,53975000.000000015
2023-08-14,53975000.000000015
2023-08-14,53975000.000000015
2023-08-14,53975000.000000015
2023-08-14,53975000.000000015
2023-08-14,53975000.000000015
2023-08-14,53975000.000000015
2023-08-14,53975000.000000015
2023-08-14,53975000.000000015
2023-08-14,53975000.000000015
2023-08-14,53975000.000000015
2023-08-14,53975000.000000015
2023-08-14,53975000.000000015
2023-08-14,53975000.000000015
2023-08-14,53975000.000000015
2023-08-14,53975000.000000015
2023-08-14,53975000.000000015
2023-08-14,54148000.000000015
2023-08-14,54148000.000000015
2023-08-14,54148000.000000015
2023-08-14,54148000.000000015
2023-08-14,54148000.000000015
2023-08-14,54148000.000000015
2023-08-14,54148000.000000015
2023-08-14,54148000.000000015
2023-08-15,54148000.000000015
2023-08-15,54148000.000000015
2023-08-15,54148000.000000015
2023-08-15,54148000.000000015
2023-08-15,54148000.000000015
2023-08-15,54148000.000000015
2023-08-15,54148000.000000015
2023-08-15,54148000.000000015
2023-08-15,54148000.000000015
2023-08-15,54148000.000000015
2023-08-15,54148000.000000015
2023-08-15,54148000.000000015
2023-08-15,54148000.000000015
2023-08-15,54148000.000000015
2023-08-15,54148000.000000015
2023-08-15,54148000.000000015
2023-08-15,54148000.000000015
2023-08-15,54148000.000000015
2023-08-15,54148000.000000015
2023-08-15,54148000.000000015
2023-08-15,54148000.000000015
2023-08-15,54148000.000000015
2023-08-15,54148000.000000015
2023-08-15,54148000.000000015
2023-08-15,54148000.000000015
2023-08-15,54148000.000000015
2023-08-15,54148000.000000015
2023-08-15,54148000.000000015
2023-08-15,54148000.000000015
2023-08-15,54148000.000000015
2023-08-15,54148000.000000015
2023-08-15,54148000.000000015
2023-08-15,54148000.000000015
2023-08-15,54181000.000000015
2023-08-15,54181000.000000015
2023-08-15,54181000.000000015
2023-08-15,54181000.000000015
2023-08-15,54181000.000000015
2023-08-15,54181000.000000015
2023-08-15,54181000.000000015
2023-08-15,54181000.000000015
2023-08-15,54181000.000000015
2023-08-15,54181000.000000015
2023-08-15,54181000.000000015
2023-08-15,54181000.000000015
2023-08-15,54181000.000000015
2023-08-15,54181000.000000015
2023-08-15,54181000.000000015
2023-08-16,54181000.000000015
2023-08-16,54181000.000000015
2023-08-16,54181000.000000015
2023-08-16,54181000.000000015
2023-08-16,54181000.000000015
2023-08-16,54181000.000000015
2023-08-16,54181000.000000015
2023-08-16,54181000.000000015
2023-08-16,54181000.000000015
2023-08-16,54181000.000000015
2023-08-16,54181000.000000015
2023-08-16,54181000.000000015
2023-08-16,54181000.000000015
2023-08-16,54181000.000000015
2023-08-16,54181000.000000015
2023-08-16,54181000.000000015
2023-08-16,54181000.000000015
2023-08-16,54181000.000000015
2023-08-16,54181000.000000015
2023-08-16,54181000.000000015
2023-08-16,54181000.000000015
2023-08-16,54181000.000000015
2023-08-16,54181000.000000015
2023-08-16,54181000.000000015
2023-08-16,54181000.000000015
2023-08-16,54181000.000000015
2023-08-16,54181000.000000015
2023-08-16,54181000.000000015
2023-08-16,54181000.000000015
2023-08-16,54181000.000000015
2023-08-16,54181000.000000015
2023-08-16,54181000.000000015
2023-08-16,54181000.000000015
2023-08-16,54181000.000000015
2023-08-16,54181000.000000015
2023-08-16,54181000.000000015
2023-08-16,55294000.000000015
2023-08-16,55294000.000000015
2023-08-16,55294000.000000015
2023-08-16,55294000.000000015
2023-08-16,55294000.000000015
2023-08-16,55294000.000000015
2023-08-16,55294000.000000015
2023-08-16,55294000.000000015
2023-08-16,55294000.000000015
2023-08-16,55294000.000000015
2023-08-16,55294000.000000015
2023-08-16,55294000.000000015
2023-08-16,55294000.000000015
2023-08-17,55527000.000000015
2023-08-17,55527000.000000015
2023-08-17,55527000.000000015
2023-08-17,55527000.000000015
2023-08-17,55527000.000000015
2023-08-17,55527000.000000015
2023-08-17,55527000.000000015
2023-08-17,55527000.000000015
2023-08-17,55527000.000000015
2023-08-17,55527000.000000015
2023-08-17,55527000.000000015
2023-08-17,55527000.000000015
2023-08-17,55527000.000000015
2023-08-17,55527000.000000015
2023-08-17,55527000.000000015
2023-08-17,55527000.000000015
2023-08-17,55527000.000000015
2023-08-17,55527000.000000015
2023-08-17,55527000.000000015
2023-08-17,55527000.000000015
2023-08-17,55527000.000000015
2023-08-17,55527000.000000015
2023-08-17,55527000.000000015
2023-08-17,55527000.000000015
2023-08-17,55350000.000000015
2023-08-17,55350000.000000015
2023-08-17,55350000.000000015
2023-08-17,55350000.000000015
2023-08-17,55350000.000000015
2023-08-17,55350000.000000015
2023-08-17,55350000.000000015
2023-08-17,55350000.000000015
2023-08-17,55350000.000000015
2023-08-17,55350000.000000015
2023-08-17,55350000.000000015
2023-08-17,55350000.000000015
2023-08-17,55350000.000000015
2023-08-17,55350000.000000015
2023-08-17,55350000.000000015
2023-08-17,55350000.000000015
2023-08-17,55350000.000000015
2023-08-17,55350000.000000015
2023-08-17,55350000.000000015
2023-08-17,55213000.000000015
2023-08-17,55213000.000000015
2023-08-17,55213000.000000015
2023-08-17,55213000.000000015
2023-08-17,55213000.000000015
2023-08-17,55213000.000000015
2023-08-18,55213000.000000015
2023-08-18,55213000.000000015
2023-08-18,55213000.000000015
2023-08-18,55213000.000000015
2023-08-18,55213000.000000015
2023-08-18,55213000.000000015
2023-08-18,55213000.000000015
2023-08-18,55213000.000000015
2023-08-18,55213000.000000015
2023-08-18,55213000.000000015
2023-08-18,55213000.000000015
2023-08-18,55213000.000000015
2023-08-18,55213000.000000015
2023-08-18,55213000.000000015
2023-08-18,55213000.000000015
2023-08-18,55906000.000000015
2023-08-18,55906000.000000015
2023-08-18,55906000.000000015
2023-08-18,55906000.000000015
2023-08-18,55906000.000000015
2023-08-18,55906000.000000015
2023-08-18,55906000.000000015
2023-08-18,55906000.000000015
2023-08-18,55906000.000000015
2023-08-18,55906000.000000015
2023-08-18,55906000.000000015
2023-08-18,55906000.000000015
2023-08-18,55906000.000000015
2023-08-18,55906000.000000015
2023-08-18,55906000.000000015
2023-08-18,55906000.000000015
2023-08-18,55906000.000000015
2023-08-18,55906000.000000015
2023-08-18,55906000.000000015
2023-08-18,55906000.000000015
2023-08-18,55906000.000000015
2023-08-18,55906000.000000015
2023-08-18,55906000.000000015
2023-08-18,55906000.000000015
2023-08-18,55906000.000000015
2023-08-18,55906000.000000015
2023-08-18,55906000.000000015
2023-08-18,55906000.000000015
2023-08-18,55906000.000000015
2023-08-18,55906000.000000015
2023-08-18,55906000.000000015
2023-08-18,55906000.000000015
2023-08-18,55906000.000000015
2023-08-18,55906000.000000015
2023-08-21,60179000.000000015
2023-08-21,60179000.000000015
2023-08-21,59722000.000000015
2023-08-21,59722000.000000015
2023-08-21,59722000.000000015
2023-08-21,59722000.000000015
2023-08-21,59722000.000000015
2023-08-21,59722000.000000015
2023-08-21,59722000.000000015
2023-08-21,59722000.000000015
2023-08-21,59722000.000000015
2023-08-21,59722000.000000015
2023-08-21,59722000.000000015
2023-08-21,59722000.000000015
2023-08-21,59722000.000000015
2023-08-21,59722000.000000015
2023-08-21,59855000.000000015
2023-08-21,59855000.000000015
2023-08-21,59855000.000000015
2023-08-21,59855000.000000015
2023-08-21,59855000.000000015
2023-08-21,59855000.000000015
2023-08-21,59138000.000000015
2023-08-21,59138000.000000015
2023-08-21,59138000.000000015
2023-08-21,59138000.000000015
2023-08-21,59138000.000000015
2023-08-21,59138000.000000015
2023-08-21,59138000.000000015
2023-08-21,59138000.000000015
2023-08-21,59138000.000000015
2023-08-21,59138000.000000015
2023-08-21,59138000.000000015
2023-08-21,59138000.000000015
2023-08-21,59138000.000000015
2023-08-21,59138000.000000015
2023-08-21,59138000.000000015
2023-08-21,59138000.000000015
2023-08-21,59138000.000000015
2023-08-21,59138000.000000015
2023-08-21,59138000.000000015
2023-08-21,59138000.000000015
2023-08-21,59138000.000000015
2023-08-21,59138000.000000015
2023-08-21,59138000.000000015
2023-08-21,59138000.000000015
2023-08-21,59138000.000000015
2023-08-21,59138000.000000015
2023-08-21,59138000.000000015
2023-08-22,59138000.000000015
2023-08-22,59138000.000000015
2023-08-22,59138000.000000015
2023-08-22,59138000.000000015
2023-08-22,59138000.000000015
2023-08-22,59138000.000000015
2023-08-22,59138000.000000015
2023-08-22,59138000.000000015
2023-08-22,59138000.000000015
2023-08-22,59138000.000000015
2023-08-22,59138000.000000015
2023-08-22,59138000.000000015
2023-08-22,59138000.000000015
2023-08-22,59138000.000000015
2023-08-22,59138000.000000015
2023-08-22,59138000.000000015
2023-08-22,59138000.000000015
2023-08-22,59138000.000000015
2023-08-22,59138000.000000015
2023-08-22,59138000.000000015
2023-08-22,59138000.000000015
2023-08-22,59138000.000000015
2023-08-22,59138000.000000015
2023-08-22,59138000.000000015
2023-08-22,59138000.000000015
2023-08-22,59138000.000000015
2023-08-22,59138000.000000015
2023-08-22,59138000.000000015
2023-08-22,59138000.000000015
2023-08-22,59138000.000000015
2023-08-22,59138000.000000015
2023-08-22,60501000.000000015
2023-08-22,60501000.000000015
2023-08-22,60501000.000000015
2023-08-22,60501000.000000015
2023-08-22,60501000.000000015
2023-08-22,60501000.000000015
2023-08-22,60501000.000000015
2023-08-22,60501000.000000015
2023-08-22,60501000.000000015
2023-08-22,60501000.000000015
2023-08-22,60501000.000000015
2023-08-22,60501000.000000015
2023-08-22,60501000.000000015
2023-08-22,60501000.000000015
2023-08-22,59914000.000000015
2023-08-22,59914000.000000015
2023-08-22,59914000.000000015
2023-08-22,59914000.000000015
2023-08-23,59914000.000000015
2023-08-23,59914000.000000015
2023-08-23,59914000.000000015
2023-08-23,59914000.000000015
2023-08-23,59914000.000000015
2023-08-23,59914000.000000015
2023-08-23,59914000.000000015
2023-08-23,59914000.000000015
2023-08-23,59457000.000000015
2023-08-23,59457000.000000015
2023-08-23,59457000.000000015
2023-08-23,59457000.000000015
2023-08-23,59457000.000000015
2023-08-23,59457000.000000015
2023-08-23,59457000.000000015
2023-08-23,59457000.000000015
2023-08-23,59457000.000000015
2023-08-23,59457000.000000015
2023-08-23,59457000.000000015
2023-08-23,59457000.000000015
2023-08-23,59457000.000000015
2023-08-23,59457000.000000015
2023-08-23,59457000.000000015
2023-08-23,59457000.000000015
2023-08-23,59457000.000000015
2023-08-23,59457000.000000015
2023-08-23,59457000.000000015
2023-08-23,59457000.000000015
2023-08-23,59457000.000000015
2023-08-23,59457000.000000015
2023-08-23,59457000.000000015
2023-08-23,59457000.000000015
2023-08-23,59457000.000000015
2023-08-23,59457000.000000015
2023-08-23,59457000.000000015
2023-08-23,59457000.000000015
2023-08-23,59457000.000000015
2023-08-23,59457000.000000015
2023-08-23,59457000.000000015
2023-08-23,59457000.000000015
2023-08-23,59457000.000000015
2023-08-23,59457000.000000015
2023-08-23,59457000.000000015
2023-08-23,58850000.000000015
2023-08-23,58850000.000000015
2023-08-23,58850000.000000015
2023-08-23,58850000.000000015
2023-08-23,58850000.000000015
2023-08-24,58850000.000000015
2023-08-24,58850000.000000015
2023-08-24,58850000.000000015
2023-08-24,58850000.000000015
2023-08-24,58850000.000000015
2023-08-24,58850000.000000015
2023-08-24,58850000.000000015
2023-08-24,58850000.000000015
2023-08-24,58850000.000000015
2023-08-24,58850000.000000015
2023-08-24,58850000.000000015
2023-08-24,58850000.000000015
2023-08-24,58433000.000000015
2023-08-24,58433000.000000015
2023-08-24,58433000.000000015
2023-08-24,58433000.000000015
2023-08-24,58433000.000000015
2023-08-24,58433000.000000015
2023-08-24,58433000.000000015
2023-08-24,58433000.000000015
2023-08-24,58433000.000000015
2023-08-24,58433000.000000015
2023-08-24,58433000.000000015
2023-08-24,58433000.000000015
2023-08-24,58433000.000000015
2023-08-24,58433000.000000015
2023-08-24,58433000.000000015
2023-08-24,58056000.000000015
2023-08-24,58056000.000000015
2023-08-24,58056000.000000015
2023-08-24,58056000.000000015
2023-08-24,58056000.000000015
2023-08-24,58056000.000000015
2023-08-24,58056000.000000015
2023-08-24,58056000.000000015
2023-08-24,58056000.000000015
2023-08-24,58056000.000000015
2023-08-24,58056000.000000015
2023-08-24,58056000.000000015
2023-08-24,58056000.000000015
2023-08-24,58056000.000000015
2023-08-24,58056000.000000015
2023-08-24,58056000.000000015
2023-08-24,58056000.000000015
2023-08-24,58056000.000000015
2023-08-24,58056000.000000015
2023-08-24,58056000.000000015
2023-08-24,58056000.000000015
2023-08-24,58056000.000000015
2023-08-25,58056000.000000015
2023-08-25,58056000.000000015
2023-08-25,58056000.000000015
2023-08-25,58056000.000000015
2023-08-25,58056000.000000015
2023-08-25,58056000.000000015
2023-08-25,58056000.000000015
2023-08-25,58056000.000000015
2023-08-25,58056000.000000015
2023-08-25,58056000.000000015
2023-08-25,58056000.000000015
2023-08-25,58056000.000000015
2023-08-25,58056000.000000015
2023-08-25,58056000.000000015
2023-08-25,58056000.000000015
2023-08-25,58056000.000000015
2023-08-25,58056000.000000015
2023-08-25,58056000.000000015
2023-08-25,58056000.000000015
2023-08-25,58056000.000000015
2023-08-25,58056000.000000015
2023-08-25,58056000.000000015
2023-08-25,58056000.000000015
2023-08-25,58056000.000000015
2023-08-25,57749000.000000015
2023-08-25,57749000.000000015
2023-08-25,57749000.000000015
2023-08-25,57749000.000000015
2023-08-25,57749000.000000015
2023-08-25,57749000.000000015
2023-08-25,57312000.000000015
2023-08-25,57312000.000000015
2023-08-25,57312000.000000015
2023-08-25,57312000.000000015
2023-08-25,57312000.000000015
2023-08-25,57312000.000000015
2023-08-25,57312000.000000015
2023-08-25,57312000.000000015
2023-08-25,57312000.000000015
2023-08-25,57312000.000000015
2023-08-25,57312000.000000015
2023-08-25,57312000.000000015
2023-08-25,57312000.000000015
2023-08-25,57312000.000000015
2023-08-25,57312000.000000015
2023-08-25,57312000.000000015
2023-08-25,57312000.000000015
2023-08-25,57312000.000000015
2023-08-25,57312000.000000015
2023-08-28,57312000.000000015
2023-08-28,57312000.000000015
2023-08-28,57312000.000000015
2023-08-28,57312000.000000015
2023-08-28,57312000.000000015
2023-08-28,57312000.000000015
2023-08-28,57312000.000000015
2023-08-28,57312000.000000015
2023-08-28,57312000.000000015
2023-08-28,57312000.000000015
2023-08-28,57312000.000000015
2023-08-28,57795000.000000015
2023-08-28,57795000.000000015
2023-08-28,57795000.000000015
2023-08-28,57795000.000000015
2023-08-28,57795000.000000015
2023-08-28,57795000.000000015
2023-08-28,57795000.000000015
2023-08-28,57795000.000000015
2023-08-28,57795000.000000015
2023-08-28,57795000.000000015
2023-08-28,57795000.000000015
2023-08-28,57795000.000000015
2023-08-28,57795000.000000015
2023-08-28,57795000.000000015
2023-08-28,57795000.000000015
2023-08-28,57795000.000000015
2023-08-28,57795000.000000015
2023-08-28,57795000.000000015
2023-08-28,57795000.000000015
2023-08-28,57795000.000000015
2023-08-28,57795000.000000015
2023-08-28,57795000.000000015
2023-08-28,57795000.000000015
2023-08-28,57795000.000000015
2023-08-28,57795000.000000015
2023-08-28,57795000.000000015
2023-08-28,57795000.000000015
2023-08-28,57795000.000000015
2023-08-28,57795000.000000015
2023-08-28,57795000.000000015
2023-08-28,57795000.000000015
2023-08-28,57795000.000000015
2023-08-28,57795000.000000015
2023-08-28,57795000.000000015
2023-08-28,57795000.000000015
2023-08-28,57795000.000000015
2023-08-28,57795000.000000015
2023-08-28,57795000.000000015
2023-08-29,57795000.000000015
2023-08-29,57795000.000000015
2023-08-29,57795000.000000015
2023-08-29,57795000.000000015
2023-08-29,57795000.000000015
2023-08-29,57795000.000000015
2023-08-29,57795000.000000015
2023-08-29,57795000.000000015
2023-08-29,57795000.000000015
2023-08-29,57795000.000000015
2023-08-29,57795000.000000015
2023-08-29,57795000.000000015
2023-08-29,57795000.000000015
2023-08-29,57795000.000000015
2023-08-29,57918000.000000015
2023-08-29,57918000.000000015
2023-08-29,57918000.000000015
2023-08-29,57918000.000000015
2023-08-29,57918000.000000015
2023-08-29,57918000.000000015
2023-08-29,57918000.000000015
2023-08-29,57918000.000000015
2023-08-29,57918000.000000015
2023-08-29,57918000.000000015
2023-08-29,57918000.000000015
2023-08-29,57918000.000000015
2023-08-29,57918000.000000015
2023-08-29,57918000.000000015
2023-08-29,57918000.000000015
2023-08-29,57918000.000000015
2023-08-29,57918000.000000015
2023-08-29,57918000.000000015
2023-08-29,57801000.000000015
2023-08-29,57801000.000000015
2023-08-29,57801000.000000015
2023-08-29,57801000.000000015
2023-08-29,57801000.000000015
2023-08-29,57801000.000000015
2023-08-29,57801000.000000015
2023-08-29,57801000.000000015
2023-08-29,57801000.000000015
2023-08-29,57801000.000000015
2023-08-29,57801000.000000015
2023-08-29,57801000.000000015
2023-08-29,57801000.000000015
2023-08-29,57801000.000000015
2023-08-29,57801000.000000015
2023-08-29,57894000.000000015
2023-08-29,57894000.000000015
2023-08-30,57894000.000000015
2023-08-30,57894000.000000015
2023-08-30,57894000.000000015
2023-08-30,57894000.000000015
2023-08-30,57894000.000000015
2023-08-30,57894000.000000015
2023-08-30,57894000.000000015
2023-08-30,57894000.000000015
2023-08-30,57894000.000000015
2023-08-30,57894000.000000015
2023-08-30,57894000.000000015
2023-08-30,57894000.000000015
2023-08-30,57894000.000000015
2023-08-30,57894000.000000015
2023-08-30,57894000.000000015
2023-08-30,57894000.000000015
2023-08-30,57894000.000000015
2023-08-30,57894000.000000015
2023-08-30,57894000.000000015
2023-08-30,57894000.000000015
2023-08-30,57894000.000000015
2023-08-30,57894000.000000015
2023-08-30,57894000.000000015
2023-08-30,57894000.000000015
2023-08-30,57894000.000000015
2023-08-30,57894000.000000015
2023-08-30,57894000.000000015
2023-08-30,57894000.000000015
2023-08-30,58027000.000000015
2023-08-30,58027000.000000015
2023-08-30,58027000.000000015
2023-08-30,58027000.000000015
2023-08-30,58027000.000000015
2023-08-30,58027000.000000015
2023-08-30,58027000.000000015
2023-08-30,58027000.000000015
2023-08-30,58027000.000000015
2023-08-30,58027000.000000015
2023-08-30,58027000.000000015
2023-08-30,58027000.000000015
2023-08-30,58027000.000000015
2023-08-30,58027000.000000015
2023-08-30,58027000.000000015
2023-08-30,58027000.000000015
2023-08-30,58027000.000000015
2023-08-30,58027000.000000015
2023-08-30,58027000.000000015
2023-08-30,58027000.000000015
2023-08-30,58027000.000000015
2023-08-31,58027000.000000015
2023-08-31,58027000.000000015
2023-08-31,58027000.000000015
2023-08-31,58027000.000000015
2023-08-31,58027000.000000015
2023-08-31,58027000.000000015
2023-08-31,58027000.000000015
2023-08-31,58027000.000000015
2023-08-31,58027000.000000015
2023-08-31,58027000.000000015
2023-08-31,58027000.000000015
2023-08-31,58027000.000000015
2023-08-31,58027000.000000015
2023-08-31,58027000.000000015
2023-08-31,58027000.000000015
2023-08-31,58027000.000000015
2023-08-31,58027000.000000015
2023-08-31,58027000.000000015
2023-08-31,58027000.000000015
2023-08-31,58027000.000000015
2023-08-31,58027000.000000015
2023-08-31,58027000.000000015
2023-08-31,58027000.000000015
2023-08-31,58027000.000000015
2023-08-31,58027000.000000015
2023-08-31,58027000.000000015
2023-08-31,58027000.000000015
2023-08-31,58027000.000000015
2023-08-31,58027000.000000015
2023-08-31,58027000.000000015
2023-08-31,58027000.000000015
2023-08-31,58027000.000000015
2023-08-31,58027000.000000015
2023-08-31,58027000.000000015
2023-08-31,58027000.000000015
2023-08-31,58027000.000000015
2023-08-31,58027000.000000015
2023-08-31,58027000.000000015
2023-08-31,58027000.000000015
2023-08-31,58027000.000000015
2023-08-31,58027000.000000015
2023-08-31,58027000.000000015
2023-08-31,59350000.000000015
2023-08-31,59350000.000000015
2023-08-31,59350000.000000015
2023-08-31,59350000.000000015
2023-08-31,59350000.000000015
2023-08-31,59350000.000000015
2023-08-31,59350000.000000015
2023-09-05,59350000.000000015
2023-09-05,59350000.000000015
2023-09-05,59350000.000000015
2023-09-05,59350000.000000015
2023-09-05,59350000.000000015
2023-09-05,59350000.000000015
2023-09-05,59350000.000000015
2023-09-05,59350000.000000015
2023-09-05,59350000.000000015
2023-09-05,59350000.000000015
2023-09-05,59350000.000000015
2023-09-05,59350000.000000015
2023-09-05,59350000.000000015
2023-09-05,59350000.000000015
2023-09-05,59350000.000000015
2023-09-05,59350000.000000015
2023-09-05,59350000.000000015
2023-09-05,59350000.000000015
2023-09-05,59350000.000000015
2023-09-05,59350000.000000015
2023-09-05,59350000.000000015
2023-09-05,59350000.000000015
2023-09-05,59350000.000000015
2023-09-05,59350000.000000015
2023-09-05,59350000.000000015
2023-09-05,59350000.000000015
2023-09-05,59350000.000000015
2023-09-05,59350000.000000015
2023-09-05,59350000.000000015
2023-09-05,59350000.000000015
2023-09-05,59350000.000000015
2023-09-05,59350000.000000015
2023-09-05,59350000.000000015
2023-09-05,59350000.000000015
2023-09-05,59703000.000000015
2023-09-05,59703000.000000015
2023-09-05,59703000.000000015
2023-09-05,59703000.000000015
2023-09-05,59703000.000000015
2023-09-05,59703000.000000015
2023-09-05,59703000.000000015
2023-09-05,59703000.000000015
2023-09-05,59703000.000000015
2023-09-05,59703000.000000015
2023-09-05,59703000.000000015
2023-09-05,59703000.000000015
2023-09-05,59526000.000000015
2023-09-05,59526000.000000015
2023-09-05,59526000.000000015
2023-09-06,59526000.000000015
2023-09-06,59526000.000000015
2023-09-06,59526000.000000015
2023-09-06,59526000.000000015
2023-09-06,59526000.000000015
2023-09-06,59526000.000000015
2023-09-06,59526000.000000015
2023-09-06,59526000.000000015
2023-09-06,59526000.000000015
2023-09-06,59526000.000000015
2023-09-06,59526000.000000015
2023-09-06,59526000.000000015
2023-09-06,59526000.000000015
2023-09-06,59526000.000000015
2023-09-06,59526000.000000015
2023-09-06,59526000.000000015
2023-09-06,59526000.000000015
2023-09-06,59289000.000000015
2023-09-06,59289000.000000015
2023-09-06,59289000.000000015
2023-09-06,59289000.000000015
2023-09-06,59289000.000000015
2023-09-06,59289000.000000015
2023-09-06,59289000.000000015
2023-09-06,59289000.000000015
2023-09-06,59289000.000000015
2023-09-06,59289000.000000015
2023-09-06,59289000.000000015
2023-09-06,59289000.000000015
2023-09-06,59289000.000000015
2023-09-06,59289000.000000015
2023-09-06,59142000.000000015
2023-09-06,59142000.000000015
2023-09-06,59142000.000000015
2023-09-06,59142000.000000015
2023-09-06,59142000.000000015
2023-09-06,59142000.000000015
2023-09-06,59142000.000000015
2023-09-06,59142000.000000015
2023-09-06,59142000.000000015
2023-09-06,59142000.000000015
2023-09-06,59142000.000000015
2023-09-06,59142000.000000015
2023-09-06,59142000.000000015
2023-09-06,59142000.000000015
2023-09-06,59142000.000000015
2023-09-06,59142000.000000015
2023-09-06,59142000.000000015
2023-09-06,59142000.000000015
2023-09-07,59142000.000000015
2023-09-07,59142000.000000015
2023-09-07,59142000.000000015
2023-09-07,59142000.000000015
2023-09-07,59142000.000000015
2023-09-07,59142000.000000015
2023-09-07,59142000.000000015
2023-09-07,59142000.000000015
2023-09-07,59142000.000000015
2023-09-07,59142000.000000015
2023-09-07,59142000.000000015
2023-09-07,59142000.000000015
2023-09-07,59142000.000000015
2023-09-07,59142000.000000015
2023-09-07,59142000.000000015
2023-09-07,59142000.000000015
2023-09-07,59142000.000000015
2023-09-07,59142000.000000015
2023-09-07,59142000.000000015
2023-09-07,59142000.000000015
2023-09-07,61035000.000000015
2023-09-07,61035000.000000015
2023-09-07,61035000.000000015
2023-09-07,61035000.000000015
2023-09-07,61035000.000000015
2023-09-07,61035000.000000015
2023-09-07,61035000.000000015
2023-09-07,61035000.000000015
2023-09-07,61035000.000000015
2023-09-07,61035000.000000015
2023-09-07,61035000.000000015
2023-09-07,61035000.000000015
2023-09-07,61035000.000000015
2023-09-07,61035000.000000015
2023-09-07,61035000.000000015
2023-09-07,61035000.000000015
2023-09-07,61035000.000000015
2023-09-07,61035000.000000015
2023-09-07,61035000.000000015
2023-09-07,61035000.000000015
2023-09-07,61035000.000000015
2023-09-07,61035000.000000015
2023-09-07,61035000.000000015
2023-09-07,61035000.000000015
2023-09-07,61035000.000000015
2023-09-07,61148000.000000015
2023-09-07,61148000.000000015
2023-09-07,60891000.000000015
2023-09-07,60891000.000000015
2023-09-08,60891000.000000015
2023-09-08,60891000.000000015
2023-09-08,60891000.000000015
2023-09-08,60891000.000000015
2023-09-08,60891000.000000015
2023-09-08,60891000.000000015
2023-09-08,60891000.000000015
2023-09-08,60891000.000000015
2023-09-08,60891000.000000015
2023-09-08,60891000.000000015
2023-09-08,60891000.000000015
2023-09-08,60891000.000000015
2023-09-08,60891000.000000015
2023-09-08,60891000.000000015
2023-09-08,60891000.000000015
2023-09-08,60891000.000000015
2023-09-08,60891000.000000015
2023-09-08,60891000.000000015
2023-09-08,60891000.000000015
2023-09-08,60891000.000000015
2023-09-08,60891000.000000015
2023-09-08,60891000.000000015
2023-09-08,60891000.000000015
2023-09-08,60891000.000000015
2023-09-08,60891000.000000015
2023-09-08,60644000.000000015
2023-09-08,60644000.000000015
2023-09-08,60644000.000000015
2023-09-08,60644000.000000015
2023-09-08,60644000.000000015
2023-09-08,60644000.000000015
2023-09-08,60644000.000000015
2023-09-08,60644000.000000015
2023-09-08,60644000.000000015
2023-09-08,60644000.000000015
2023-09-08,60644000.000000015
2023-09-08,60317000.000000015
2023-09-08,60317000.000000015
2023-09-08,60317000.000000015
2023-09-08,60317000.000000015
2023-09-08,60060000.000000015
2023-09-08,60060000.000000015
2023-09-08,60060000.000000015
2023-09-08,60060000.000000015
2023-09-08,60060000.000000015
2023-09-08,60060000.000000015
2023-09-08,60060000.000000015
2023-09-08,60060000.000000015
2023-09-08,60060000.000000015
2023-09-11,59393000.000000015
2023-09-11,59393000.000000015
2023-09-11,59393000.000000015
2023-09-11,59393000.000000015
2023-09-11,59393000.000000015
2023-09-11,59056000.000000015
2023-09-11,59056000.000000015
2023-09-11,59056000.000000015
2023-09-11,59056000.000000015
2023-09-11,59056000.000000015
2023-09-11,59056000.000000015
2023-09-11,59056000.000000015
2023-09-11,59056000.000000015
2023-09-11,59056000.000000015
2023-09-11,59056000.000000015
2023-09-11,59056000.000000015
2023-09-11,59056000.000000015
2023-09-11,59056000.000000015
2023-09-11,59056000.000000015
2023-09-11,58709000.000000015
2023-09-11,58709000.000000015
2023-09-11,58709000.000000015
2023-09-11,58709000.000000015
2023-09-11,58709000.000000015
2023-09-11,58709000.000000015
2023-09-11,58709000.000000015
2023-09-11,58709000.000000015
2023-09-11,58709000.000000015
2023-09-11,58709000.000000015
2023-09-11,58709000.000000015
2023-09-11,58709000.000000015
2023-09-11,58709000.000000015
2023-09-11,58709000.000000015
2023-09-11,58709000.000000015
2023-09-11,58709000.000000015
2023-09-11,58709000.000000015
2023-09-11,58709000.000000015
2023-09-11,58709000.000000015
2023-09-11,59342000.000000015
2023-09-11,59342000.000000015
2023-09-11,59342000.000000015
2023-09-11,59342000.000000015
2023-09-11,59342000.000000015
2023-09-11,59342000.000000015
2023-09-11,59342000.000000015
2023-09-11,59342000.000000015
2023-09-11,59342000.000000015
2023-09-11,59342000.000000015
2023-09-11,59342000.000000015
2023-09-12,60135000.000000015
2023-09-12,60135000.000000015
2023-09-12,60135000.000000015
2023-09-12,60135000.000000015
2023-09-12,60135000.000000015
2023-09-12,60135000.000000015
2023-09-12,60135000.000000015
2023-09-12,60135000.000000015
2023-09-12,60135000.000000015
2023-09-12,60135000.000000015
2023-09-12,60135000.000000015
2023-09-12,59868000.000000015
2023-09-12,59868000.000000015
2023-09-12,59868000.000000015
2023-09-12,59868000.000000015
2023-09-12,59868000.000000015
2023-09-12,59868000.000000015
2023-09-12,59868000.000000015
2023-09-12,59868000.000000015
2023-09-12,59868000.000000015
2023-09-12,59868000.000000015
2023-09-12,59868000.000000015
2023-09-12,59868000.000000015
2023-09-12,59868000.000000015
2023-09-12,59868000.000000015
2023-09-12,59868000.000000015
2023-09-12,59868000.000000015
2023-09-12,59868000.000000015
2023-09-12,59868000.000000015
2023-09-12,59741000.000000015
2023-09-12,59741000.000000015
2023-09-12,59741000.000000015
2023-09-12,59741000.000000015
2023-09-12,59741000.000000015
2023-09-12,59741000.000000015
2023-09-12,59741000.000000015
2023-09-12,59741000.000000015
2023-09-12,59741000.000000015
2023-09-12,59741000.000000015
2023-09-12,59741000.000000015
2023-09-12,59741000.000000015
2023-09-12,59741000.000000015
2023-09-12,59741000.000000015
2023-09-12,59741000.000000015
2023-09-12,59741000.000000015
2023-09-12,59741000.000000015
2023-09-12,59741000.000000015
2023-09-12,59741000.000000015
2023-09-12,59741000.000000015
2023-09-13,59741000.000000015
2023-09-13,59741000.000000015
2023-09-13,59741000.000000015
2023-09-13,59741000.000000015
2023-09-13,59741000.000000015
2023-09-13,59741000.000000015
2023-09-13,59741000.000000015
2023-09-13,59741000.000000015
2023-09-13,59741000.000000015
2023-09-13,59741000.000000015
2023-09-13,59741000.000000015
2023-09-13,59741000.000000015
2023-09-13,59741000.000000015
2023-09-13,61074000.000000015
2023-09-13,61074000.000000015
2023-09-13,61074000.000000015
2023-09-13,61074000.000000015
2023-09-13,61074000.000000015
2023-09-13,61074000.000000015
2023-09-13,61074000.000000015
2023-09-13,61074000.000000015
2023-09-13,61074000.000000015
2023-09-13,61074000.000000015
2023-09-13,61074000.000000015
2023-09-13,61074000.000000015
2023-09-13,61074000.000000015
2023-09-13,61074000.000000015
2023-09-13,61074000.000000015
2023-09-13,61147000.000000015
2023-09-13,61147000.000000015
2023-09-13,61147000.000000015
2023-09-13,61147000.000000015
2023-09-13,61147000.000000015
2023-09-13,60830000.000000015
2023-09-13,60830000.000000015
2023-09-13,60830000.000000015
2023-09-13,60830000.000000015
2023-09-13,60830000.000000015
2023-09-13,60830000.000000015
2023-09-13,60830000.000000015
2023-09-13,60830000.000000015
2023-09-13,60830000.000000015
2023-09-13,60830000.000000015
2023-09-13,60830000.000000015
2023-09-13,60830000.000000015
2023-09-13,60830000.000000015
2023-09-13,60830000.000000015
2023-09-13,60830000.000000015
2023-09-13,60830000.000000015
2023-09-14,60830000.000000015
2023-09-14,60830000.000000015
2023-09-14,60830000.000000015
2023-09-14,60830000.000000015
2023-09-14,60830000.000000015
2023-09-14,60830000.000000015
2023-09-14,60830000.000000015
2023-09-14,60830000.000000015
2023-09-14,60830000.000000015
2023-09-14,60830000.000000015
2023-09-14,60830000.000000015
2023-09-14,60830000.000000015
2023-09-14,60830000.000000015
2023-09-14,60830000.000000015
2023-09-14,60830000.000000015
2023-09-14,60830000.000000015
2023-09-14,60830000.000000015
2023-09-14,60830000.000000015
2023-09-14,60830000.000000015
2023-09-14,60830000.000000015
2023-09-14,60830000.000000015
2023-09-14,60830000.000000015
2023-09-14,60830000.000000015
2023-09-14,60830000.000000015
2023-09-14,60830000.000000015
2023-09-14,60830000.000000015
2023-09-14,60830000.000000015
2023-09-14,60830000.000000015
2023-09-14,60830000.000000015
2023-09-14,60830000.000000015
2023-09-14,60830000.000000015
2023-09-14,60830000.000000015
2023-09-14,60830000.000000015
2023-09-14,60830000.000000015
2023-09-14,60830000.000000015
2023-09-14,60830000.000000015
2023-09-14,60830000.000000015
2023-09-14,60830000.000000015
2023-09-14,60830000.000000015
2023-09-14,60830000.000000015
2023-09-14,60830000.000000015
2023-09-14,60830000.000000015
2023-09-14,61473000.000000015
2023-09-14,61473000.000000015
2023-09-14,61473000.000000015
2023-09-14,61473000.000000015
2023-09-14,61473000.000000015
2023-09-14,61473000.000000015
2023-09-14,61473000.000000015
2023-09-15,61473000.000000015
2023-09-15,61473000.000000015
2023-09-15,61473000.000000015
2023-09-15,61473000.000000015
2023-09-15,61473000.000000015
2023-09-15,61473000.000000015
2023-09-15,61473000.000000015
2023-09-15,61473000.000000015
2023-09-15,61473000.000000015
2023-09-15,61473000.000000015
2023-09-15,61473000.000000015
2023-09-15,61473000.000000015
2023-09-15,61473000.000000015
2023-09-15,61473000.000000015
2023-09-15,61473000.000000015
2023-09-15,61473000.000000015
2023-09-15,61206000.000000015
2023-09-15,61206000.000000015
2023-09-15,61206000.000000015
2023-09-15,61206000.000000015
2023-09-15,61206000.000000015
2023-09-15,61206000.000000015
2023-09-15,61206000.000000015
2023-09-15,61206000.000000015
2023-09-15,61206000.000000015
2023-09-15,61206000.000000015
2023-09-15,61206000.000000015
2023-09-15,61206000.000000015
2023-09-15,61206000.000000015
2023-09-15,61206000.000000015
2023-09-15,61206000.000000015
2023-09-15,61206000.000000015
2023-09-15,61206000.000000015
2023-09-15,61206000.000000015
2023-09-15,61206000.000000015
2023-09-15,61206000.000000015
2023-09-15,61206000.000000015
2023-09-15,61009000.000000015
2023-09-15,61009000.000000015
2023-09-15,61009000.000000015
2023-09-15,61009000.000000015
2023-09-15,61009000.000000015
2023-09-15,61009000.000000015
2023-09-15,61009000.000000015
2023-09-15,61009000.000000015
2023-09-15,61009000.000000015
2023-09-15,61009000.000000015
2023-09-15,61009000.000000015
2023-09-15,61009000.000000015
2023-09-18,61009000.000000015
2023-09-18,61009000.000000015
2023-09-18,61009000.000000015
2023-09-18,61009000.000000015
2023-09-18,61009000.000000015
2023-09-18,61009000.000000015
2023-09-18,61009000.000000015
2023-09-18,61009000.000000015
2023-09-18,61009000.000000015
2023-09-18,61009000.000000015
2023-09-18,61009000.000000015
2023-09-18,61009000.000000015
2023-09-18,61009000.000000015
2023-09-18,61009000.000000015
2023-09-18,61009000.000000015
2023-09-18,61362000.000000015
2023-09-18,61362000.000000015
2023-09-18,61362000.000000015
2023-09-18,61362000.000000015
2023-09-18,61362000.000000015
2023-09-18,61362000.000000015
2023-09-18,61362000.000000015
2023-09-18,61362000.000000015
2023-09-18,61362000.000000015
2023-09-18,61362000.000000015
2023-09-18,61362000.000000015
2023-09-18,61362000.000000015
2023-09-18,61362000.000000015
2023-09-18,61362000.000000015
2023-09-18,61362000.000000015
2023-09-18,61362000.000000015
2023-09-18,61362000.000000015
2023-09-18,61362000.000000015
2023-09-18,61362000.000000015
2023-09-18,61362000.000000015
2023-09-18,61362000.000000015
2023-09-18,61362000.000000015
2023-09-18,61362000.000000015
2023-09-18,61362000.000000015
2023-09-18,61362000.000000015
2023-09-18,61362000.000000015
2023-09-18,61585000.000000015
2023-09-18,61585000.000000015
2023-09-18,61585000.000000015
2023-09-18,61585000.000000015
2023-09-18,61585000.000000015
2023-09-18,61585000.000000015
2023-09-18,61585000.000000015
2023-09-19,61585000.000000015
2023-09-19,61585000.000000015
2023-09-19,61585000.000000015
2023-09-19,61585000.000000015
2023-09-19,61585000.000000015
2023-09-19,61585000.000000015
2023-09-19,61585000.000000015
2023-09-19,61585000.000000015
2023-09-19,61585000.000000015
2023-09-19,61585000.000000015
2023-09-19,61585000.000000015
2023-09-19,61585000.000000015
2023-09-19,61585000.000000015
2023-09-19,61585000.000000015
2023-09-19,61585000.000000015
2023-09-19,61585000.000000015
2023-09-19,61585000.000000015
2023-09-19,61585000.000000015
2023-09-19,61585000.000000015
2023-09-19,61585000.000000015
2023-09-19,61585000.000000015
2023-09-19,61585000.000000015
2023-09-19,61585000.000000015
2023-09-19,61585000.000000015
2023-09-19,61585000.000000015
2023-09-19,61585000.000000015
2023-09-19,61585000.000000015
2023-09-19,61585000.000000015
2023-09-19,61585000.000000015
2023-09-19,61585000.000000015
2023-09-19,61585000.000000015
2023-09-19,61585000.000000015
2023-09-19,61585000.000000015
2023-09-19,61418000.000000015
2023-09-19,61418000.000000015
2023-09-19,61418000.000000015
2023-09-19,61418000.000000015
2023-09-19,61418000.000000015
2023-09-19,61418000.000000015
2023-09-19,61418000.000000015
2023-09-19,61418000.000000015
2023-09-19,61418000.000000015
2023-09-19,61418000.000000015
2023-09-19,61418000.000000015
2023-09-19,61418000.000000015
2023-09-19,61418000.000000015
2023-09-19,61418000.000000015
2023-09-19,61418000.000000015
2023-09-19,61418000.000000015
2023-09-20,61418000.000000015
2023-09-20,61418000.000000015
2023-09-20,61418000.000000015
2023-09-20,61418000.000000015
2023-09-20,61418000.000000015
2023-09-20,61418000.000000015
2023-09-20,61418000.000000015
2023-09-20,61418000.000000015
2023-09-20,61418000.000000015
2023-09-20,61418000.000000015
2023-09-20,61418000.000000015
2023-09-20,61418000.000000015
2023-09-20,61418000.000000015
2023-09-20,61418000.000000015
2023-09-20,61161000.000000015
2023-09-20,61161000.000000015
2023-09-20,61161000.000000015
2023-09-20,61161000.000000015
2023-09-20,61161000.000000015
2023-09-20,61161000.000000015
2023-09-20,61161000.000000015
2023-09-20,61161000.000000015
2023-09-20,61161000.000000015
2023-09-20,61161000.000000015
2023-09-20,61161000.000000015
2023-09-20,61161000.000000015
2023-09-20,61161000.000000015
2023-09-20,61161000.000000015
2023-09-20,61161000.000000015
2023-09-20,61161000.000000015
2023-09-20,61161000.000000015
2023-09-20,61161000.000000015
2023-09-20,61161000.000000015
2023-09-20,61161000.000000015
2023-09-20,61161000.000000015
2023-09-20,61161000.000000015
2023-09-20,61161000.000000015
2023-09-20,61161000.000000015
2023-09-20,61161000.000000015
2023-09-20,61161000.000000015
2023-09-20,61161000.000000015
2023-09-20,61434000.000000015
2023-09-20,61434000.000000015
2023-09-20,61434000.000000015
2023-09-20,61434000.000000015
2023-09-20,61434000.000000015
2023-09-20,61434000.000000015
2023-09-20,61434000.000000015
2023-09-20,61434000.000000015
2023-09-21,61434000.000000015
2023-09-21,61434000.000000015
2023-09-21,61127000.000000015
2023-09-21,61127000.000000015
2023-09-21,61127000.000000015
2023-09-21,61127000.000000015
2023-09-21,61127000.000000015
2023-09-21,61127000.000000015
2023-09-21,61127000.000000015
2023-09-21,61127000.000000015
2023-09-21,61127000.000000015
2023-09-21,61127000.000000015
2023-09-21,61127000.000000015
2023-09-21,61127000.000000015
2023-09-21,61127000.000000015
2023-09-21,61127000.000000015
2023-09-21,61127000.000000015
2023-09-21,61127000.000000015
2023-09-21,61127000.000000015
2023-09-21,61127000.000000015
2023-09-21,61127000.000000015
2023-09-21,61127000.000000015
2023-09-21,61127000.000000015
2023-09-21,61127000.000000015
2023-09-21,61127000.000000015
2023-09-21,61127000.000000015
2023-09-21,60880000.000000015
2023-09-21,60880000.000000015
2023-09-21,60880000.000000015
2023-09-21,60880000.000000015
2023-09-21,60880000.000000015
2023-09-21,60880000.000000015
2023-09-21,60880000.000000015
2023-09-21,60880000.000000015
2023-09-21,60623000.000000015
2023-09-21,60623000.000000015
2023-09-21,60623000.000000015
2023-09-21,60623000.000000015
2023-09-21,60623000.000000015
2023-09-21,60623000.000000015
2023-09-21,60623000.000000015
2023-09-21,60623000.000000015
2023-09-21,60623000.000000015
2023-09-21,60623000.000000015
2023-09-21,60623000.000000015
2023-09-21,60623000.000000015
2023-09-21,60623000.000000015
2023-09-21,60623000.000000015
2023-09-21,60623000.000000015
2023-09-22,63136000.00000001
2023-09-22,63136000.00000001
2023-09-22,63136000.00000001
2023-09-22,63136000.00000001
2023-09-22,63136000.00000001
2023-09-22,63136000.00000001
2023-09-22,63136000.00000001
2023-09-22,63136000.00000001
2023-09-22,63136000.00000001
2023-09-22,63136000.00000001
2023-09-22,63136000.00000001
2023-09-22,63136000.00000001
2023-09-22,63136000.00000001
2023-09-22,63136000.00000001
2023-09-22,63136000.00000001
2023-09-22,63136000.00000001
2023-09-22,63136000.00000001
2023-09-22,63136000.00000001
2023-09-22,63729000.00000001
2023-09-22,63729000.00000001
2023-09-22,63729000.00000001
2023-09-22,63729000.00000001
2023-09-22,63729000.00000001
2023-09-22,63729000.00000001
2023-09-22,63882000.00000001
2023-09-22,63882000.00000001
2023-09-22,63882000.00000001
2023-09-22,63882000.00000001
2023-09-22,63882000.00000001
2023-09-22,63882000.00000001
2023-09-22,63882000.00000001
2023-09-22,63882000.00000001
2023-09-22,63882000.00000001
2023-09-22,63882000.00000001
2023-09-22,63882000.00000001
2023-09-22,63882000.00000001
2023-09-22,63882000.00000001
2023-09-22,63882000.00000001
2023-09-22,63882000.00000001
2023-09-22,63882000.00000001
2023-09-22,63882000.00000001
2023-09-22,63882000.00000001
2023-09-22,63882000.00000001
2023-09-22,63882000.00000001
2023-09-22,63882000.00000001
2023-09-22,63882000.00000001
2023-09-22,63555000.00000001
2023-09-22,63555000.00000001
2023-09-22,63555000.00000001
2023-09-25,63555000.00000001
2023-09-25,63555000.00000001
2023-09-25,63555000.00000001
2023-09-25,63555000.00000001
2023-09-25,63555000.00000001
2023-09-25,63555000.00000001
2023-09-25,63555000.00000001
2023-09-25,63555000.00000001
2023-09-25,63555000.00000001
2023-09-25,63555000.00000001
2023-09-25,63555000.00000001
2023-09-25,63555000.00000001
2023-09-25,63555000.00000001
2023-09-25,63555000.00000001
2023-09-25,63555000.00000001
2023-09-25,63555000.00000001
2023-09-25,63555000.00000001
2023-09-25,63555000.00000001
2023-09-25,63555000.00000001
2023-09-25,63555000.00000001
2023-09-25,63555000.00000001
2023-09-25,63555000.00000001
2023-09-25,63555000.00000001
2023-09-25,63555000.00000001
2023-09-25,63555000.00000001
2023-09-25,63555000.00000001
2023-09-25,63555000.00000001
2023-09-25,63555000.00000001
2023-09-25,63555000.00000001
2023-09-25,63555000.00000001
2023-09-25,63555000.00000001
2023-09-25,63555000.00000001
2023-09-25,63555000.00000001
2023-09-25,63268000.00000001
2023-09-25,63268000.00000001
2023-09-25,63268000.00000001
2023-09-25,63268000.00000001
2023-09-25,63268000.00000001
2023-09-25,63268000.00000001
2023-09-25,63268000.00000001
2023-09-25,63268000.00000001
2023-09-25,63268000.00000001
2023-09-25,63268000.00000001
2023-09-25,63268000.00000001
2023-09-25,63268000.00000001
2023-09-25,63268000.00000001
2023-09-25,63268000.00000001
2023-09-25,63268000.00000001
2023-09-25,63268000.00000001
2023-09-26,63268000.00000001
2023-09-26,63268000.00000001
2023-09-26,63268000.00000001
2023-09-26,63268000.00000001
2023-09-26,63268000.00000001
2023-09-26,63268000.00000001
2023-09-26,63268000.00000001
2023-09-26,63268000.00000001
2023-09-26,63268000.00000001
2023-09-26,63268000.00000001
2023-09-26,63268000.00000001
2023-09-26,63268000.00000001
2023-09-26,63268000.00000001
2023-09-26,63268000.00000001
2023-09-26,63268000.00000001
2023-09-26,63941000.00000001
2023-09-26,63941000.00000001
2023-09-26,63941000.00000001
2023-09-26,63941000.00000001
2023-09-26,63941000.00000001
2023-09-26,63941000.00000001
2023-09-26,63941000.00000001
2023-09-26,63941000.00000001
2023-09-26,63941000.00000001
2023-09-26,63941000.00000001
2023-09-26,63941000.00000001
2023-09-26,63941000.00000001
2023-09-26,63941000.00000001
2023-09-26,63941000.00000001
2023-09-26,63941000.00000001
2023-09-26,63941000.00000001
2023-09-26,63941000.00000001
2023-09-26,63941000.00000001
2023-09-26,63941000.00000001
2023-09-26,63941000.00000001
2023-09-26,63941000.00000001
2023-09-26,63941000.00000001
2023-09-26,63941000.00000001
2023-09-26,63941000.00000001
2023-09-26,63941000.00000001
2023-09-26,63941000.00000001
2023-09-26,63941000.00000001
2023-09-26,63941000.00000001
2023-09-26,63941000.00000001
2023-09-26,63941000.00000001
2023-09-26,63941000.00000001
2023-09-26,63941000.00000001
2023-09-26,63941000.00000001
2023-09-26,63941000.00000001
2023-09-27,63941000.00000001
2023-09-27,63941000.00000001
2023-09-27,63941000.00000001
2023-09-27,63694000.00000001
2023-09-27,63694000.00000001
2023-09-27,63694000.00000001
2023-09-27,63694000.00000001
2023-09-27,63694000.00000001
2023-09-27,63407000.00000001
2023-09-27,63407000.00000001
2023-09-27,63407000.00000001
2023-09-27,63407000.00000001
2023-09-27,63407000.00000001
2023-09-27,63570000.00000001
2023-09-27,63570000.00000001
2023-09-27,63570000.00000001
2023-09-27,63570000.00000001
2023-09-27,63570000.00000001
2023-09-27,63570000.00000001
2023-09-27,63570000.00000001
2023-09-27,63570000.00000001
2023-09-27,63570000.00000001
2023-09-27,63570000.00000001
2023-09-27,63570000.00000001
2023-09-27,63570000.00000001
2023-09-27,63570000.00000001
2023-09-27,63570000.00000001
2023-09-27,63570000.00000001
2023-09-27,63673000.00000001
2023-09-27,63673000.00000001
2023-09-27,63673000.00000001
2023-09-27,63673000.00000001
2023-09-27,63673000.00000001
2023-09-27,63673000.00000001
2023-09-27,63673000.00000001
2023-09-27,63673000.00000001
2023-09-27,63673000.00000001
2023-09-27,63673000.00000001
2023-09-27,63673000.00000001
2023-09-27,63673000.00000001
2023-09-27,63673000.00000001
2023-09-27,63673000.00000001
2023-09-27,63673000.00000001
2023-09-27,63673000.00000001
2023-09-27,63673000.00000001
2023-09-27,63673000.00000001
2023-09-27,63673000.00000001
2023-09-27,63673000.00000001
2023-09-27,63673000.00000001
2023-09-28,63673000.00000001
2023-09-28,63673000.00000001
2023-09-28,63673000.00000001
2023-09-28,63336000.00000001
2023-09-28,63336000.00000001
2023-09-28,63336000.00000001
2023-09-28,63336000.00000001
2023-09-28,63336000.00000001
2023-09-28,63336000.00000001
2023-09-28,63336000.00000001
2023-09-28,63336000.00000001
2023-09-28,63336000.00000001
2023-09-28,63336000.00000001
2023-09-28,63336000.00000001
2023-09-28,63336000.00000001
2023-09-28,63336000.00000001
2023-09-28,63336000.00000001
2023-09-28,63336000.00000001
2023-09-28,63336000.00000001
2023-09-28,63336000.00000001
2023-09-28,63336000.00000001
2023-09-28,63336000.00000001
2023-09-28,63336000.00000001
2023-09-28,63336000.00000001
2023-09-28,63336000.00000001
2023-09-28,63336000.00000001
2023-09-28,63336000.00000001
2023-09-28,63336000.00000001
2023-09-28,63529000.00000001
2023-09-28,63529000.00000001
2023-09-28,63529000.00000001
2023-09-28,63529000.00000001
2023-09-28,63529000.00000001
2023-09-28,63529000.00000001
2023-09-28,63529000.00000001
2023-09-28,63529000.00000001
2023-09-28,63529000.00000001
2023-09-28,63529000.00000001
2023-09-28,63529000.00000001
2023-09-28,63529000.00000001
2023-09-28,63529000.00000001
2023-09-28,63529000.00000001
2023-09-28,63529000.00000001
2023-09-28,63529000.00000001
2023-09-28,63529000.00000001
2023-09-28,63529000.00000001
2023-09-28,62652000.00000001
2023-09-28,62652000.00000001
2023-09-28,62652000.00000001
2023-09-29,62652000.00000001
2023-09-29,62652000.00000001
2023-09-29,62652000.00000001
2023-09-29,62652000.00000001
2023-09-29,62652000.00000001
2023-09-29,62652000.00000001
2023-09-29,62652000.00000001
2023-09-29,62652000.00000001
2023-09-29,62652000.00000001
2023-09-29,62652000.00000001
2023-09-29,62652000.00000001
2023-09-29,62652000.00000001
2023-09-29,62652000.00000001
2023-09-29,62652000.00000001
2023-09-29,62652000.00000001
2023-09-29,62652000.00000001
2023-09-29,62652000.00000001
2023-09-29,62795000.00000001
2023-09-29,62795000.00000001
2023-09-29,62795000.00000001
2023-09-29,62795000.00000001
2023-09-29,62795000.00000001
2023-09-29,62795000.00000001
2023-09-29,62795000.00000001
2023-09-29,62538000.00000001
2023-09-29,62538000.00000001
2023-09-29,62538000.00000001
2023-09-29,62538000.00000001
2023-09-29,62538000.00000001
2023-09-29,62538000.00000001
2023-09-29,62538000.00000001
2023-09-29,62538000.00000001
2023-09-29,62538000.00000001
2023-09-29,62538000.00000001
2023-09-29,62538000.00000001
2023-09-29,62538000.00000001
2023-09-29,62538000.00000001
2023-09-29,62538000.00000001
2023-09-29,62538000.00000001
2023-09-29,62538000.00000001
2023-09-29,62538000.00000001
2023-09-29,62538000.00000001
2023-09-29,62538000.00000001
2023-09-29,62538000.00000001
2023-09-29,62538000.00000001
2023-09-29,62538000.00000001
2023-09-29,62538000.00000001
2023-09-29,62538000.00000001
2023-09-29,62538000.00000001
2023-10-02,62538000.00000001
2023-10-02,62538000.00000001
2023-10-02,62538000.00000001
2023-10-02,62538000.00000001
2023-10-02,62538000.00000001
2023-10-02,62538000.00000001
2023-10-02,62538000.00000001
2023-10-02,62538000.00000001
2023-10-02,62538000.00000001
2023-10-02,62538000.00000001
2023-10-02,62241000.00000001
2023-10-02,62241000.00000001
2023-10-02,62241000.00000001
2023-10-02,62241000.00000001
2023-10-02,62241000.00000001
2023-10-02,62241000.00000001
2023-10-02,62241000.00000001
2023-10-02,62241000.00000001
2023-10-02,62241000.00000001
2023-10-02,62241000.00000001
2023-10-02,62241000.00000001
2023-10-02,62241000.00000001
2023-10-02,62241000.00000001
2023-10-02,62241000.00000001
2023-10-02,62241000.00000001
2023-10-02,62241000.00000001
2023-10-02,62241000.00000001
2023-10-02,62241000.00000001
2023-10-02,62241000.00000001
2023-10-02,62241000.00000001
2023-10-02,62241000.00000001
2023-10-02,62241000.00000001
2023-10-02,62241000.00000001
2023-10-02,62384000.00000001
2023-10-02,62384000.00000001
2023-10-02,62384000.00000001
2023-10-02,62384000.00000001
2023-10-02,62384000.00000001
2023-10-02,62384000.00000001
2023-10-02,62384000.00000001
2023-10-02,62384000.00000001
2023-10-02,62384000.00000001
2023-10-02,62384000.00000001
2023-10-02,62384000.00000001
2023-10-02,62384000.00000001
2023-10-02,62384000.00000001
2023-10-02,62384000.00000001
2023-10-02,62384000.00000001
2023-10-03,62384000.00000001
2023-10-03,62384000.00000001
2023-10-03,62384000.00000001
2023-10-03,62384000.00000001
2023-10-03,62384000.00000001
2023-10-03,62384000.00000001
2023-10-03,62384000.00000001
2023-10-03,62384000.00000001
2023-10-03,62384000.00000001
2023-10-03,62384000.00000001
2023-10-03,62384000.00000001
2023-10-03,62384000.00000001
2023-10-03,62384000.00000001
2023-10-03,62127000.00000001
2023-10-03,62127000.00000001
2023-10-03,62127000.00000001
2023-10-03,62127000.00000001
2023-10-03,62127000.00000001
2023-10-03,62127000.00000001
2023-10-03,62127000.00000001
2023-10-03,62127000.00000001
2023-10-03,62127000.00000001
2023-10-03,62127000.00000001
2023-10-03,62127000.00000001
2023-10-03,62127000.00000001
2023-10-03,62127000.00000001
2023-10-03,62127000.00000001
2023-10-03,62127000.00000001
2023-10-03,62127000.00000001
2023-10-03,62127000.00000001
2023-10-03,62127000.00000001
2023-10-03,62127000.00000001
2023-10-03,62127000.00000001
2023-10-03,62127000.00000001
2023-10-03,62127000.00000001
2023-10-03,63150000.00000001
2023-10-03,63150000.00000001
2023-10-03,63150000.00000001
2023-10-03,63150000.00000001
2023-10-03,63150000.00000001
2023-10-03,63150000.00000001
2023-10-03,63150000.00000001
2023-10-03,63150000.00000001
2023-10-03,63150000.00000001
2023-10-03,63150000.00000001
2023-10-03,63150000.00000001
2023-10-03,63150000.00000001
2023-10-03,63150000.00000001
2023-10-03,63150000.00000001
2023-10-04,63150000.00000001
2023-10-04,63150000.00000001
2023-10-04,63150000.00000001
2023-10-04,62773000.00000001
2023-10-04,62773000.00000001
2023-10-04,62773000.00000001
2023-10-04,62773000.00000001
2023-10-04,62486000.00000001
2023-10-04,62486000.00000001
2023-10-04,62486000.00000001
2023-10-04,62486000.00000001
2023-10-04,62486000.00000001
2023-10-04,62486000.00000001
2023-10-04,62486000.00000001
2023-10-04,62486000.00000001
2023-10-04,62486000.00000001
2023-10-04,62486000.00000001
2023-10-04,62486000.00000001
2023-10-04,62486000.00000001
2023-10-04,62486000.00000001
2023-10-04,62486000.00000001
2023-10-04,62486000.00000001
2023-10-04,62486000.00000001
2023-10-04,62486000.00000001
2023-10-04,62486000.00000001
2023-10-04,62486000.00000001
2023-10-04,62486000.00000001
2023-10-04,62486000.00000001
2023-10-04,62129000.00000001
2023-10-04,62129000.00000001
2023-10-04,62129000.00000001
2023-10-04,62129000.00000001
2023-10-04,62129000.00000001
2023-10-04,62129000.00000001
2023-10-04,62129000.00000001
2023-10-04,62129000.00000001
2023-10-04,62129000.00000001
2023-10-04,62129000.00000001
2023-10-04,62129000.00000001
2023-10-04,62129000.00000001
2023-10-04,62129000.00000001
2023-10-04,62129000.00000001
2023-10-04,62129000.00000001
2023-10-04,62129000.00000001
2023-10-04,62129000.00000001
2023-10-04,62129000.00000001
2023-10-04,62129000.00000001
2023-10-04,62129000.00000001
2023-10-04,61992000.00000001
2023-10-05,61992000.00000001
2023-10-05,61992000.00000001
2023-10-05,61992000.00000001
2023-10-05,61992000.00000001
2023-10-05,61992000.00000001
2023-10-05,61992000.00000001
2023-10-05,61992000.00000001
2023-10-05,61992000.00000001
2023-10-05,61735000.00000001
2023-10-05,61735000.00000001
2023-10-05,61735000.00000001
2023-10-05,61735000.00000001
2023-10-05,61735000.00000001
2023-10-05,61735000.00000001
2023-10-05,61735000.00000001
2023-10-05,61735000.00000001
2023-10-05,61735000.00000001
2023-10-05,61735000.00000001
2023-10-05,61735000.00000001
2023-10-05,61735000.00000001
2023-10-05,61735000.00000001
2023-10-05,61735000.00000001
2023-10-05,61735000.00000001
2023-10-05,61735000.00000001
2023-10-05,61735000.00000001
2023-10-05,61735000.00000001
2023-10-05,61498000.00000001
2023-10-05,61498000.00000001
2023-10-05,61498000.00000001
2023-10-05,61498000.00000001
2023-10-05,61498000.00000001
2023-10-05,61498000.00000001
2023-10-05,61498000.00000001
2023-10-05,61498000.00000001
2023-10-05,61498000.00000001
2023-10-05,61498000.00000001
2023-10-05,61498000.00000001
2023-10-05,61498000.00000001
2023-10-05,61498000.00000001
2023-10-05,60971000.00000001
2023-10-05,60971000.00000001
2023-10-05,60971000.00000001
2023-10-05,60971000.00000001
2023-10-05,60971000.00000001
2023-10-05,60971000.00000001
2023-10-05,60971000.00000001
2023-10-05,60971000.00000001
2023-10-05,60971000.00000001
2023-10-05,60971000.00000001
2023-10-06,60971000.00000001
2023-10-06,60971000.00000001
2023-10-06,60971000.00000001
2023-10-06,60971000.00000001
2023-10-06,60971000.00000001
2023-10-06,60971000.00000001
2023-10-06,60971000.00000001
2023-10-06,60971000.00000001
2023-10-06,60971000.00000001
2023-10-06,60971000.00000001
2023-10-06,60971000.00000001
2023-10-06,60971000.00000001
2023-10-06,60971000.00000001
2023-10-06,60971000.00000001
2023-10-06,60971000.00000001
2023-10-06,60971000.00000001
2023-10-06,60971000.00000001
2023-10-06,60971000.00000001
2023-10-06,60971000.00000001
2023-10-06,60971000.00000001
2023-10-06,60971000.00000001
2023-10-06,60971000.00000001
2023-10-06,60971000.00000001
2023-10-06,60971000.00000001
2023-10-06,60971000.00000001
2023-10-06,60971000.00000001
2023-10-06,60971000.00000001
2023-10-06,60971000.00000001
2023-10-06,60971000.00000001
2023-10-06,61234000.00000001
2023-10-06,61234000.00000001
2023-10-06,61234000.00000001
2023-10-06,61234000.00000001
2023-10-06,61234000.00000001
2023-10-06,61234000.00000001
2023-10-06,61234000.00000001
2023-10-06,61234000.00000001
2023-10-06,61234000.00000001
2023-10-06,61234000.00000001
2023-10-06,61234000.00000001
2023-10-06,61234000.00000001
2023-10-06,61234000.00000001
2023-10-06,61234000.00000001
2023-10-06,61234000.00000001
2023-10-06,61234000.00000001
2023-10-06,61234000.00000001
2023-10-06,61234000.00000001
2023-10-06,61234000.00000001
2023-10-06,61234000.00000001
2023-10-09,61687000.00000001
2023-10-09,61687000.00000001
2023-10-09,61687000.00000001
2023-10-09,61687000.00000001
2023-10-09,61687000.00000001
2023-10-09,61687000.00000001
2023-10-09,61687000.00000001
2023-10-09,61687000.00000001
2023-10-09,61687000.00000001
2023-10-09,61687000.00000001
2023-10-09,61687000.00000001
2023-10-09,61687000.00000001
2023-10-09,61687000.00000001
2023-10-09,61687000.00000001
2023-10-09,61687000.00000001
2023-10-09,61687000.00000001
2023-10-09,61687000.00000001
2023-10-09,61687000.00000001
2023-10-09,61687000.00000001
2023-10-09,61687000.00000001
2023-10-09,61687000.00000001
2023-10-09,61687000.00000001
2023-10-09,61687000.00000001
2023-10-09,61687000.00000001
2023-10-09,61687000.00000001
2023-10-09,61687000.00000001
2023-10-09,61687000.00000001
2023-10-09,61687000.00000001
2023-10-09,61687000.00000001
2023-10-09,61687000.00000001
2023-10-09,61687000.00000001
2023-10-09,61687000.00000001
2023-10-09,61687000.00000001
2023-10-09,61687000.00000001
2023-10-09,61687000.00000001
2023-10-09,61687000.00000001
2023-10-09,61687000.00000001
2023-10-09,61687000.00000001
2023-10-09,61687000.00000001
2023-10-09,61687000.00000001
2023-10-09,61760000.00000001
2023-10-09,61760000.00000001
2023-10-09,61760000.00000001
2023-10-09,61760000.00000001
2023-10-09,61760000.00000001
2023-10-09,61760000.00000001
2023-10-09,61760000.00000001
2023-10-09,61760000.00000001
2023-10-09,61760000.00000001
2023-10-10,61760000.00000001
2023-10-10,61760000.00000001
2023-10-10,61760000.00000001
2023-10-10,61760000.00000001
2023-10-10,61760000.00000001
2023-10-10,61760000.00000001
2023-10-10,61760000.00000001
2023-10-10,61760000.00000001
2023-10-10,61760000.00000001
2023-10-10,61760000.00000001
2023-10-10,61760000.00000001
2023-10-10,61760000.00000001
2023-10-10,61760000.00000001
2023-10-10,61760000.00000001
2023-10-10,61760000.00000001
2023-10-10,61760000.00000001
2023-10-10,61760000.00000001
2023-10-10,61760000.00000001
2023-10-10,61760000.00000001
2023-10-10,61760000.00000001
2023-10-10,61760000.00000001
2023-10-10,61760000.00000001
2023-10-10,61760000.00000001
2023-10-10,61760000.00000001
2023-10-10,61760000.00000001
2023-10-10,61760000.00000001
2023-10-10,61760000.00000001
2023-10-10,61760000.00000001
2023-10-10,61760000.00000001
2023-10-10,61760000.00000001
2023-10-10,61760000.00000001
2023-10-10,63403000.00000001
2023-10-10,63403000.00000001
2023-10-10,63403000.00000001
2023-10-10,63403000.00000001
2023-10-10,63403000.00000001
2023-10-10,63403000.00000001
2023-10-10,63403000.00000001
2023-10-10,63403000.00000001
2023-10-10,63403000.00000001
2023-10-10,63403000.00000001
2023-10-10,63403000.00000001
2023-10-10,63403000.00000001
2023-10-10,63403000.00000001
2023-10-10,63403000.00000001
2023-10-10,63403000.00000001
2023-10-10,63403000.00000001
2023-10-10,63403000.00000001
2023-10-10,63403000.00000001
2023-10-11,63016000.00000001
2023-10-11,63016000.00000001
2023-10-11,63016000.00000001
2023-10-11,63016000.00000001
2023-10-11,63016000.00000001
2023-10-11,63016000.00000001
2023-10-11,63016000.00000001
2023-10-11,63016000.00000001
2023-10-11,63016000.00000001
2023-10-11,63016000.00000001
2023-10-11,63016000.00000001
2023-10-11,62889000.00000001
2023-10-11,62889000.00000001
2023-10-11,62889000.00000001
2023-10-11,62889000.00000001
2023-10-11,62889000.00000001
2023-10-11,62889000.00000001
2023-10-11,62889000.00000001
2023-10-11,62889000.00000001
2023-10-11,62889000.00000001
2023-10-11,62889000.00000001
2023-10-11,62889000.00000001
2023-10-11,62889000.00000001
2023-10-11,62889000.00000001
2023-10-11,62889000.00000001
2023-10-11,62889000.00000001
2023-10-11,62889000.00000001
2023-10-11,62889000.00000001
2023-10-11,62889000.00000001
2023-10-11,62752000.00000001
2023-10-11,62752000.00000001
2023-10-11,62752000.00000001
2023-10-11,62752000.00000001
2023-10-11,62752000.00000001
2023-10-11,62752000.00000001
2023-10-11,62752000.00000001
2023-10-11,62752000.00000001
2023-10-11,62752000.00000001
2023-10-11,62445000.00000001
2023-10-11,62445000.00000001
2023-10-11,62445000.00000001
2023-10-11,62445000.00000001
2023-10-11,62445000.00000001
2023-10-11,62445000.00000001
2023-10-11,62445000.00000001
2023-10-11,62445000.00000001
2023-10-11,62445000.00000001
2023-10-11,62445000.00000001
2023-10-11,62445000.00000001
2023-10-12,62445000.00000001
2023-10-12,62445000.00000001
2023-10-12,62445000.00000001
2023-10-12,62445000.00000001
2023-10-12,62445000.00000001
2023-10-12,62445000.00000001
2023-10-12,62445000.00000001
2023-10-12,62445000.00000001
2023-10-12,62445000.00000001
2023-10-12,62445000.00000001
2023-10-12,62445000.00000001
2023-10-12,62445000.00000001
2023-10-12,62445000.00000001
2023-10-12,62445000.00000001
2023-10-12,62445000.00000001
2023-10-12,62445000.00000001
2023-10-12,62445000.00000001
2023-10-12,62445000.00000001
2023-10-12,62445000.00000001
2023-10-12,62445000.00000001
2023-10-12,62445000.00000001
2023-10-12,62445000.00000001
2023-10-12,62445000.00000001
2023-10-12,62445000.00000001
2023-10-12,62445000.00000001
2023-10-12,62445000.00000001
2023-10-12,62445000.00000001
2023-10-12,63018000.00000001
2023-10-12,63018000.00000001
2023-10-12,63018000.00000001
2023-10-12,63018000.00000001
2023-10-12,63018000.00000001
2023-10-12,63018000.00000001
2023-10-12,63018000.00000001
2023-10-12,63018000.00000001
2023-10-12,63018000.00000001
2023-10-12,63018000.00000001
2023-10-12,62801000.00000001
2023-10-12,62801000.00000001
2023-10-12,62801000.00000001
2023-10-12,62801000.00000001
2023-10-12,62801000.00000001
2023-10-12,62801000.00000001
2023-10-12,62464000.00000001
2023-10-12,62464000.00000001
2023-10-12,62464000.00000001
2023-10-12,62464000.00000001
2023-10-12,62177000.00000001
2023-10-12,62177000.00000001
2023-10-13,62177000.00000001
2023-10-13,62177000.00000001
2023-10-13,62177000.00000001
2023-10-13,62177000.00000001
2023-10-13,62177000.00000001
2023-10-13,62177000.00000001
2023-10-13,62177000.00000001
2023-10-13,62177000.00000001
2023-10-13,62177000.00000001
2023-10-13,62177000.00000001
2023-10-13,62177000.00000001
2023-10-13,62177000.00000001
2023-10-13,62177000.00000001
2023-10-13,62177000.00000001
2023-10-13,62177000.00000001
2023-10-13,62177000.00000001
2023-10-13,62177000.00000001
2023-10-13,62177000.00000001
2023-10-13,62177000.00000001
2023-10-13,62177000.00000001
2023-10-13,62177000.00000001
2023-10-13,62177000.00000001
2023-10-13,62177000.00000001
2023-10-13,62177000.00000001
2023-10-13,62177000.00000001
2023-10-13,62177000.00000001
2023-10-13,62177000.00000001
2023-10-13,62177000.00000001
2023-10-13,62177000.00000001
2023-10-13,62177000.00000001
2023-10-13,62177000.00000001
2023-10-13,62177000.00000001
2023-10-13,62177000.00000001
2023-10-13,62177000.00000001
2023-10-13,62177000.00000001
2023-10-13,62177000.00000001
2023-10-13,62177000.00000001
2023-10-13,62177000.00000001
2023-10-13,62177000.00000001
2023-10-13,62177000.00000001
2023-10-13,62177000.00000001
2023-10-13,62300000.00000001
2023-10-13,62300000.00000001
2023-10-13,62300000.00000001
2023-10-13,62300000.00000001
2023-10-13,62300000.00000001
2023-10-13,62300000.00000001
2023-10-13,62300000.00000001
2023-10-13,62300000.00000001
2023-10-16,62300000.00000001
2023-10-16,62300000.00000001
2023-10-16,62300000.00000001
2023-10-16,62300000.00000001
2023-10-16,62300000.00000001
2023-10-16,62300000.00000001
2023-10-16,62300000.00000001
2023-10-16,62300000.00000001
2023-10-16,62300000.00000001
2023-10-16,62300000.00000001
2023-10-16,62300000.00000001
2023-10-16,62300000.00000001
2023-10-16,62300000.00000001
2023-10-16,62300000.00000001
2023-10-16,62300000.00000001
2023-10-16,62300000.00000001
2023-10-16,62300000.00000001
2023-10-16,62300000.00000001
2023-10-16,62300000.00000001
2023-10-16,62300000.00000001
2023-10-16,62300000.00000001
2023-10-16,62300000.00000001
2023-10-16,62300000.00000001
2023-10-16,62300000.00000001
2023-10-16,62300000.00000001
2023-10-16,62300000.00000001
2023-10-16,62300000.00000001
2023-10-16,62300000.00000001
2023-10-16,62300000.00000001
2023-10-16,62300000.00000001
2023-10-16,62300000.00000001
2023-10-16,62300000.00000001
2023-10-16,62300000.00000001
2023-10-16,62163000.00000001
2023-10-16,62163000.00000001
2023-10-16,62163000.00000001
2023-10-16,62163000.00000001
2023-10-16,62163000.00000001
2023-10-16,62163000.00000001
2023-10-16,62163000.00000001
2023-10-16,62163000.00000001
2023-10-16,62163000.00000001
2023-10-16,62163000.00000001
2023-10-16,62163000.00000001
2023-10-16,62163000.00000001
2023-10-16,62163000.00000001
2023-10-16,62163000.00000001
2023-10-16,62163000.00000001
2023-10-16,62163000.00000001
2023-10-17,61826000.00000001
2023-10-17,61826000.00000001
2023-10-17,61826000.00000001
2023-10-17,61826000.00000001
2023-10-17,61826000.00000001
2023-10-17,61826000.00000001
2023-10-17,61826000.00000001
2023-10-17,61826000.00000001
2023-10-17,61826000.00000001
2023-10-17,61826000.00000001
2023-10-17,61826000.00000001
2023-10-17,61826000.00000001
2023-10-17,61826000.00000001
2023-10-17,61826000.00000001
2023-10-17,61826000.00000001
2023-10-17,61826000.00000001
2023-10-17,61826000.00000001
2023-10-17,61826000.00000001
2023-10-17,61826000.00000001
2023-10-17,61659000.00000001
2023-10-17,61659000.00000001
2023-10-17,61659000.00000001
2023-10-17,61659000.00000001
2023-10-17,61659000.00000001
2023-10-17,61659000.00000001
2023-10-17,61659000.00000001
2023-10-17,61659000.00000001
2023-10-17,61659000.00000001
2023-10-17,61659000.00000001
2023-10-17,61659000.00000001
2023-10-17,61659000.00000001
2023-10-17,61659000.00000001
2023-10-17,61659000.00000001
2023-10-17,61659000.00000001
2023-10-17,61659000.00000001
2023-10-17,61659000.00000001
2023-10-17,61659000.00000001
2023-10-17,61402000.00000001
2023-10-17,61402000.00000001
2023-10-17,61402000.00000001
2023-10-17,61402000.00000001
2023-10-17,61402000.00000001
2023-10-17,61035000.00000001
2023-10-17,61035000.00000001
2023-10-17,61035000.00000001
2023-10-17,61035000.00000001
2023-10-17,61035000.00000001
2023-10-17,61035000.00000001
2023-10-17,61035000.00000001
2023-10-18,61035000.00000001
2023-10-18,61035000.00000001
2023-10-18,61035000.00000001
2023-10-18,61035000.00000001
2023-10-18,61035000.00000001
2023-10-18,61035000.00000001
2023-10-18,61035000.00000001
2023-10-18,61035000.00000001
2023-10-18,61035000.00000001
2023-10-18,61035000.00000001
2023-10-18,61035000.00000001
2023-10-18,61035000.00000001
2023-10-18,61035000.00000001
2023-10-18,61035000.00000001
2023-10-18,61035000.00000001
2023-10-18,61035000.00000001
2023-10-18,61035000.00000001
2023-10-18,61035000.00000001
2023-10-18,61035000.00000001
2023-10-18,61035000.00000001
2023-10-18,61035000.00000001
2023-10-18,61035000.00000001
2023-10-18,61035000.00000001
2023-10-18,62398000.00000001
2023-10-18,62398000.00000001
2023-10-18,62398000.00000001
2023-10-18,62398000.00000001
2023-10-18,62398000.00000001
2023-10-18,62398000.00000001
2023-10-18,62398000.00000001
2023-10-18,62398000.00000001
2023-10-18,62398000.00000001
2023-10-18,62398000.00000001
2023-10-18,62398000.00000001
2023-10-18,62398000.00000001
2023-10-18,62398000.00000001
2023-10-18,62398000.00000001
2023-10-18,62398000.00000001
2023-10-18,62398000.00000001
2023-10-18,62398000.00000001
2023-10-18,62398000.00000001
2023-10-18,62398000.00000001
2023-10-18,62398000.00000001
2023-10-18,62398000.00000001
2023-10-18,62398000.00000001
2023-10-18,62398000.00000001
2023-10-18,62398000.00000001
2023-10-18,62398000.00000001
2023-10-18,62398000.00000001
2023-10-19,62398000.00000001
2023-10-19,62398000.00000001
2023-10-19,62398000.00000001
2023-10-19,62398000.00000001
2023-10-19,62398000.00000001
2023-10-19,62398000.00000001
2023-10-19,62398000.00000001
2023-10-19,62398000.00000001
2023-10-19,62398000.00000001
2023-10-19,62398000.00000001
2023-10-19,62398000.00000001
2023-10-19,62398000.00000001
2023-10-19,62398000.00000001
2023-10-19,62398000.00000001
2023-10-19,62398000.00000001
2023-10-19,62398000.00000001
2023-10-19,62398000.00000001
2023-10-19,62398000.00000001
2023-10-19,62398000.00000001
2023-10-19,62398000.00000001
2023-10-19,62398000.00000001
2023-10-19,62398000.00000001
2023-10-19,62398000.00000001
2023-10-19,62398000.00000001
2023-10-19,63931000.00000001
2023-10-19,63931000.00000001
2023-10-19,63931000.00000001
2023-10-19,63931000.00000001
2023-10-19,63931000.00000001
2023-10-19,63931000.00000001
2023-10-19,63931000.00000001
2023-10-19,63931000.00000001
2023-10-19,63931000.00000001
2023-10-19,63931000.00000001
2023-10-19,63931000.00000001
2023-10-19,63931000.00000001
2023-10-19,63931000.00000001
2023-10-19,63654000.00000001
2023-10-19,63654000.00000001
2023-10-19,63654000.00000001
2023-10-19,63654000.00000001
2023-10-19,63337000.00000001
2023-10-19,63337000.00000001
2023-10-19,63337000.00000001
2023-10-19,63337000.00000001
2023-10-19,63337000.00000001
2023-10-19,63337000.00000001
2023-10-19,63337000.00000001
2023-10-19,63337000.00000001
2023-10-20,64400000.0
2023-10-20,64400000.0
2023-10-20,64400000.0
2023-10-20,64400000.0
2023-10-20,64400000.0
2023-10-20,64400000.0
2023-10-20,64400000.0
2023-10-20,64400000.0
2023-10-20,64400000.0
2023-10-20,64400000.0
2023-10-20,64400000.0
2023-10-20,64400000.0
2023-10-20,64400000.0
2023-10-20,64400000.0
2023-10-20,64400000.0
2023-10-20,64043000.0
2023-10-20,64043000.0
2023-10-20,64043000.0
2023-10-20,63746000.0
2023-10-20,63746000.0
2023-10-20,63746000.0
2023-10-20,63746000.0
2023-10-20,63746000.0
2023-10-20,63746000.0
2023-10-20,63746000.0
2023-10-20,63746000.0
2023-10-20,63746000.0
2023-10-20,63746000.0
2023-10-20,63746000.0
2023-10-20,63746000.0
2023-10-20,63746000.0
2023-10-20,63719000.0
2023-10-20,63719000.0
2023-10-20,63719000.0
2023-10-20,63719000.0
2023-10-20,63719000.0
2023-10-20,63719000.0
2023-10-20,63719000.0
2023-10-20,63719000.0
2023-10-20,63719000.0
2023-10-20,63719000.0
2023-10-20,63719000.0
2023-10-20,63719000.0
2023-10-20,63719000.0
2023-10-20,63719000.0
2023-10-20,63719000.0
2023-10-20,63719000.0
2023-10-20,63719000.0
2023-10-20,63719000.0
2023-10-23,64492000.0
2023-10-23,64492000.0
2023-10-23,64492000.0
2023-10-23,64492000.0
2023-10-23,64492000.0
2023-10-23,64492000.0
2023-10-23,64492000.0
2023-10-23,64492000.0
2023-10-23,64492000.0
2023-10-23,64492000.0
2023-10-23,64492000.0
2023-10-23,64492000.0
2023-10-23,64492000.0
2023-10-23,64492000.0
2023-10-23,64492000.0
2023-10-23,64492000.0
2023-10-23,64492000.0
2023-10-23,64492000.0
2023-10-23,64492000.0
2023-10-23,64492000.0
2023-10-23,64492000.0
2023-10-23,64492000.0
2023-10-23,64492000.0
2023-10-23,64492000.0
2023-10-23,64492000.0
2023-10-23,64492000.0
2023-10-23,64492000.0
2023-10-23,64492000.0
2023-10-23,64492000.0
2023-10-23,64492000.0
2023-10-23,64492000.0
2023-10-23,64492000.0
2023-10-23,64492000.0
2023-10-23,64765000.0
2023-10-23,64765000.0
2023-10-23,64765000.0
2023-10-23,64765000.0
2023-10-23,64765000.0
2023-10-23,64765000.0
2023-10-23,64765000.0
2023-10-23,64765000.0
2023-10-23,64765000.0
2023-10-23,64765000.0
2023-10-23,64765000.0
2023-10-23,64765000.0
2023-10-23,64765000.0
2023-10-23,64765000.0
2023-10-23,64248000.0
2023-10-24,64248000.0
2023-10-24,64248000.0
2023-10-24,64248000.0
2023-10-24,64248000.0
2023-10-24,64248000.0
2023-10-24,64248000.0
2023-10-24,64248000.0
2023-10-24,64248000.0
2023-10-24,64248000.0
2023-10-24,64248000.0
2023-10-24,64248000.0
2023-10-24,64248000.0
2023-10-24,64248000.0
2023-10-24,64248000.0
2023-10-24,64248000.0
2023-10-24,64248000.0
2023-10-24,64248000.0
2023-10-24,64248000.0
2023-10-24,64248000.0
2023-10-24,64248000.0
2023-10-24,64248000.0
2023-10-24,64248000.0
2023-10-24,64248000.0
2023-10-24,64248000.0
2023-10-24,64248000.0
2023-10-24,64248000.0
2023-10-24,64248000.0
2023-10-24,63961000.0
2023-10-24,63961000.0
2023-10-24,63961000.0
2023-10-24,63961000.0
2023-10-24,63961000.0
2023-10-24,63961000.0
2023-10-24,63961000.0
2023-10-24,63961000.0
2023-10-24,63961000.0
2023-10-24,63961000.0
2023-10-24,63961000.0
2023-10-24,63961000.0
2023-10-24,63961000.0
2023-10-24,63961000.0
2023-10-24,63961000.0
2023-10-24,63961000.0
2023-10-24,63961000.0
2023-10-24,63961000.0
2023-10-24,63961000.0
2023-10-24,63961000.0
2023-10-24,63961000.0
2023-10-24,63961000.0
2023-10-25,63664000.0
2023-10-25,63664000.0
2023-10-25,63664000.0
2023-10-25,63664000.0
2023-10-25,63664000.0
2023-10-25,63664000.0
2023-10-25,63664000.0
2023-10-25,63664000.0
2023-10-25,63664000.0
2023-10-25,63664000.0
2023-10-25,63664000.0
2023-10-25,63664000.0
2023-10-25,63664000.0
2023-10-25,63664000.0
2023-10-25,63664000.0
2023-10-25,63664000.0
2023-10-25,63664000.0
2023-10-25,63664000.0
2023-10-25,63664000.0
2023-10-25,63664000.0
2023-10-25,63664000.0
2023-10-25,63907000.0
2023-10-25,63907000.0
2023-10-25,63907000.0
2023-10-25,63907000.0
2023-10-25,63907000.0
2023-10-25,63907000.0
2023-10-25,63907000.0
2023-10-25,63907000.0
2023-10-25,63907000.0
2023-10-25,63907000.0
2023-10-25,63907000.0
2023-10-25,63907000.0
2023-10-25,63610000.0
2023-10-25,63610000.0
2023-10-25,63610000.0
2023-10-25,63610000.0
2023-10-25,63610000.0
2023-10-25,63610000.0
2023-10-25,63610000.0
2023-10-25,63610000.0
2023-10-25,63610000.0
2023-10-25,63610000.0
2023-10-25,63610000.0
2023-10-25,63610000.0
2023-10-25,63610000.0
2023-10-25,63610000.0
2023-10-25,63610000.0
2023-10-25,63610000.0
2023-10-26,63610000.0
2023-10-26,63610000.0
2023-10-26,63610000.0
2023-10-26,63610000.0
2023-10-26,63610000.0
2023-10-26,63610000.0
2023-10-26,63610000.0
2023-10-26,63610000.0
2023-10-26,63610000.0
2023-10-26,63610000.0
2023-10-26,63610000.0
2023-10-26,63610000.0
2023-10-26,63610000.0
2023-10-26,63610000.0
2023-10-26,63610000.0
2023-10-26,63610000.0
2023-10-26,63610000.0
2023-10-26,63610000.0
2023-10-26,63610000.0
2023-10-26,63610000.0
2023-10-26,63610000.0
2023-10-26,63610000.0
2023-10-26,63610000.0
2023-10-26,63610000.0
2023-10-26,63610000.0
2023-10-26,63610000.0
2023-10-26,63610000.0
2023-10-26,63610000.0
2023-10-26,63610000.0
2023-10-26,63610000.0
2023-10-26,67823000.0
2023-10-26,67823000.0
2023-10-26,67823000.0
2023-10-26,67823000.0
2023-10-26,67823000.0
2023-10-26,67823000.0
2023-10-26,67823000.0
2023-10-26,67823000.0
2023-10-26,67823000.0
2023-10-26,67823000.0
2023-10-26,67823000.0
2023-10-26,67823000.0
2023-10-26,67823000.0
2023-10-26,67823000.0
2023-10-26,67823000.0
2023-10-26,67823000.0
2023-10-26,67823000.0
2023-10-26,67823000.0
2023-10-26,67823000.0
2023-10-27,67823000.0
2023-10-27,67823000.0
2023-10-27,67546000.0
2023-10-27,67546000.0
2023-10-27,67546000.0
2023-10-27,67546000.0
2023-10-27,67546000.0
2023-10-27,67546000.0
2023-10-27,67546000.0
2023-10-27,67759000.0
2023-10-27,67759000.0
2023-10-27,67759000.0
2023-10-27,67759000.0
2023-10-27,67759000.0
2023-10-27,67759000.0
2023-10-27,67759000.0
2023-10-27,67759000.0
2023-10-27,67759000.0
2023-10-27,67759000.0
2023-10-30,67759000.0
2023-10-30,67759000.0
2023-10-30,67759000.0
2023-10-30,67442000.0
2023-10-30,67442000.0
2023-10-30,67442000.0
2023-10-30,67442000.0
2023-10-30,67442000.0
2023-10-30,67442000.0
2023-10-30,67442000.0
2023-10-30,67442000.0
2023-10-30,67442000.0
2023-10-30,67442000.0
2023-10-30,67442000.0
2023-10-30,67442000.0
2023-10-30,67442000.0
2023-10-30,67442000.0
2023-10-30,67442000.0
2023-10-30,67525000.0
2023-10-30,67525000.0
2023-10-30,67525000.0
2023-10-30,67525000.0
2023-10-30,67525000.0
2023-10-30,67525000.0
2023-10-30,67525000.0
2023-10-30,67525000.0
2023-10-30,67525000.0
2023-10-30,67525000.0
2023-10-30,67525000.0
2023-10-30,67525000.0
2023-10-30,67525000.0
2023-10-30,67525000.0
2023-10-30,67525000.0
2023-10-30,67525000.0
2023-10-30,67525000.0
2023-10-30,67525000.0
2023-10-30,67525000.0
2023-10-30,67525000.0
2023-10-30,67525000.0
2023-10-30,67525000.0
2023-10-30,67525000.0
2023-10-30,67525000.0
2023-10-30,67525000.0
2023-10-30,67525000.0
2023-10-30,67525000.0
2023-10-30,67525000.0
2023-10-30,67525000.0
2023-10-30,67525000.0
2023-10-31,67525000.0
2023-10-31,67525000.0
2023-10-31,67525000.0
2023-10-31,67525000.0
2023-10-31,67525000.0
2023-10-31,67525000.0
2023-10-31,67248000.0
2023-10-31,67248000.0
2023-10-31,67248000.0
2023-10-31,67248000.0
2023-10-31,67248000.0
2023-10-31,67248000.0
2023-10-31,67248000.0
2023-10-31,67248000.0
2023-10-31,67248000.0
2023-10-31,67248000.0
2023-10-31,67248000.0
2023-10-31,67248000.0
2023-10-31,67441000.0
2023-10-31,67441000.0
2023-10-31,67441000.0
2023-10-31,67441000.0
2023-10-31,67441000.0
2023-10-31,67441000.0
2023-10-31,67441000.0
2023-10-31,67441000.0
2023-10-31,67441000.0
2023-10-31,67441000.0
2023-10-31,67441000.0
2023-10-31,67441000.0
2023-10-31,67441000.0
2023-10-31,67441000.0
2023-10-31,67441000.0
2023-10-31,67441000.0
2023-10-31,67194000.0
2023-10-31,67194000.0
2023-10-31,67194000.0
2023-10-31,67194000.0
2023-10-31,67194000.0
2023-10-31,67194000.0
2023-10-31,67194000.0
2023-10-31,67194000.0
2023-10-31,67194000.0
2023-10-31,67194000.0
2023-10-31,67194000.0
2023-10-31,67194000.0
2023-10-31,67194000.0
2023-10-31,67194000.0
2023-11-01,67117000.0
2023-11-01,67117000.0
2023-11-01,67117000.0
2023-11-01,67117000.0
2023-11-01,67117000.0
2023-11-01,67117000.0
2023-11-01,67117000.0
2023-11-01,67117000.0
2023-11-01,67117000.0
2023-11-01,67117000.0
2023-11-01,67117000.0
2023-11-01,67117000.0
2023-11-01,67117000.0
2023-11-01,67117000.0
2023-11-01,67117000.0
2023-11-01,67117000.0
2023-11-01,67117000.0
2023-11-01,67117000.0
2023-11-01,67117000.0
2023-11-01,67117000.0
2023-11-01,67117000.0
2023-11-01,66830000.0
2023-11-01,66830000.0
2023-11-01,66830000.0
2023-11-01,66830000.0
2023-11-01,66830000.0
2023-11-01,66830000.0
2023-11-01,66830000.0
2023-11-01,66830000.0
2023-11-01,66830000.0
2023-11-01,66830000.0
2023-11-01,66830000.0
2023-11-01,66443000.0
2023-11-01,66443000.0
2023-11-01,66443000.0
2023-11-01,66443000.0
2023-11-01,66443000.0
2023-11-01,66443000.0
2023-11-01,66443000.0
2023-11-01,66443000.0
2023-11-01,66196000.0
2023-11-01,66196000.0
2023-11-01,66196000.0
2023-11-01,66196000.0
2023-11-01,66196000.0
2023-11-01,66196000.0
2023-11-01,66196000.0
2023-11-01,66196000.0
2023-11-01,66196000.0
2023-11-02,66196000.0
2023-11-02,66196000.0
2023-11-02,66196000.0
2023-11-02,66196000.0
2023-11-02,66196000.0
2023-11-02,66196000.0
2023-11-02,66196000.0
2023-11-02,66196000.0
2023-11-02,66196000.0
2023-11-02,66196000.0
2023-11-02,66196000.0
2023-11-02,66196000.0
2023-11-02,66196000.0
2023-11-02,66196000.0
2023-11-02,66196000.0
2023-11-02,66196000.0
2023-11-02,66196000.0
2023-11-02,66196000.0
2023-11-02,66196000.0
2023-11-02,66196000.0
2023-11-02,67479000.0
2023-11-02,67479000.0
2023-11-02,67479000.0
2023-11-02,67479000.0
2023-11-02,67479000.0
2023-11-02,67479000.0
2023-11-02,67479000.0
2023-11-02,67479000.0
2023-11-02,67479000.0
2023-11-02,67479000.0
2023-11-02,67479000.0
2023-11-02,67479000.0
2023-11-02,67479000.0
2023-11-02,67479000.0
2023-11-02,67479000.0
2023-11-02,67479000.0
2023-11-02,67479000.0
2023-11-02,67479000.0
2023-11-02,67479000.0
2023-11-02,67479000.0
2023-11-02,67479000.0
2023-11-02,67479000.0
2023-11-02,67479000.0
2023-11-02,67479000.0
2023-11-02,67479000.0
2023-11-02,67479000.0
2023-11-02,67479000.0
2023-11-02,67479000.0
2023-11-02,67479000.0
2023-11-03,67479000.0
2023-11-03,67479000.0
2023-11-03,67479000.0
2023-11-03,67479000.0
2023-11-03,67479000.0
2023-11-03,67479000.0
2023-11-03,67479000.0
2023-11-03,67479000.0
2023-11-03,67479000.0
2023-11-03,67479000.0
2023-11-03,67479000.0
2023-11-03,67479000.0
2023-11-03,67479000.0
2023-11-03,67479000.0
2023-11-03,67479000.0
2023-11-03,69752000.0
2023-11-03,69752000.0
2023-11-03,69752000.0
2023-11-03,69752000.0
2023-11-03,69752000.0
2023-11-03,69752000.0
2023-11-03,69752000.0
2023-11-03,69752000.0
2023-11-03,69752000.0
2023-11-03,69752000.0
2023-11-03,69752000.0
2023-11-03,69465000.0
2023-11-03,69465000.0
2023-11-03,69465000.0
2023-11-03,69465000.0
2023-11-03,69465000.0
2023-11-03,69465000.0
2023-11-03,69465000.0
2023-11-03,69465000.0
2023-11-03,69465000.0
2023-11-03,69465000.0
2023-11-03,69465000.0
2023-11-03,69465000.0
2023-11-03,69465000.0
2023-11-03,69465000.0
2023-11-03,69465000.0
2023-11-03,69465000.0
2023-11-03,68958000.0
2023-11-03,68958000.0
2023-11-03,68958000.0
2023-11-03,68958000.0
2023-11-03,68958000.0
2023-11-03,68958000.0
2023-11-03,68651000.0
2023-11-06,68651000.0
2023-11-06,68651000.0
2023-11-06,68651000.0
2023-11-06,68651000.0
2023-11-06,68651000.0
2023-11-06,68651000.0
2023-11-06,68651000.0
2023-11-06,68651000.0
2023-11-06,68651000.0
2023-11-06,68651000.0
2023-11-06,68651000.0
2023-11-06,68651000.0
2023-11-06,68651000.0
2023-11-06,68651000.0
2023-11-06,68651000.0
2023-11-06,68651000.0
2023-11-06,68651000.0
2023-11-06,68651000.0
2023-11-06,68651000.0
2023-11-06,68651000.0
2023-11-06,68651000.0
2023-11-06,68864000.0
2023-11-06,68864000.0
2023-11-06,68864000.0
2023-11-06,68864000.0
2023-11-06,68864000.0
2023-11-06,68864000.0
2023-11-06,68864000.0
2023-11-06,68864000.0
2023-11-06,68864000.0
2023-11-06,68864000.0
2023-11-06,68864000.0
2023-11-06,68864000.0
2023-11-06,68864000.0
2023-11-06,68864000.0
2023-11-06,68864000.0
2023-11-06,68864000.0
2023-11-06,68864000.0
2023-11-06,68864000.0
2023-11-06,68864000.0
2023-11-06,68864000.0
2023-11-06,68864000.0
2023-11-06,68437000.0
2023-11-06,68437000.0
2023-11-06,68437000.0
2023-11-06,68437000.0
2023-11-06,68437000.0
2023-11-06,68437000.0
2023-11-07,68437000.0
2023-11-07,68437000.0
2023-11-07,68437000.0
2023-11-07,68437000.0
2023-11-07,68437000.0
2023-11-07,68437000.0
2023-11-07,68437000.0
2023-11-07,68437000.0
2023-11-07,68437000.0
2023-11-07,68437000.0
2023-11-07,68120000.0
2023-11-07,68120000.0
2023-11-07,68120000.0
2023-11-07,68120000.0
2023-11-07,68120000.0
2023-11-07,68120000.0
2023-11-07,68120000.0
2023-11-07,67783000.0
2023-11-07,67783000.0
2023-11-07,67783000.0
2023-11-07,67783000.0
2023-11-07,67783000.0
2023-11-07,67783000.0
2023-11-07,67783000.0
2023-11-07,67783000.0
2023-11-07,67783000.0
2023-11-07,67783000.0
2023-11-07,67783000.0
2023-11-07,67783000.0
2023-11-07,67783000.0
2023-11-07,67783000.0
2023-11-07,67783000.0
2023-11-07,67783000.0
2023-11-07,67783000.0
2023-11-07,67783000.0
2023-11-07,67783000.0
2023-11-07,67783000.0
2023-11-07,67783000.0
2023-11-07,67783000.0
2023-11-07,67783000.0
2023-11-07,67783000.0
2023-11-07,67783000.0
2023-11-07,67783000.0
2023-11-07,67783000.0
2023-11-07,67606000.0
2023-11-07,67606000.0
2023-11-07,67606000.0
2023-11-07,67606000.0
2023-11-07,67606000.0
2023-11-08,67606000.0
2023-11-08,67606000.0
2023-11-08,67606000.0
2023-11-08,67606000.0
2023-11-08,67606000.0
2023-11-08,67606000.0
2023-11-08,67606000.0
2023-11-08,67606000.0
2023-11-08,67606000.0
2023-11-08,67606000.0
2023-11-08,68249000.0
2023-11-08,68249000.0
2023-11-08,68249000.0
2023-11-08,68249000.0
2023-11-08,68249000.0
2023-11-08,68249000.0
2023-11-08,68249000.0
2023-11-08,68249000.0
2023-11-08,68249000.0
2023-11-08,68249000.0
2023-11-08,68249000.0
2023-11-08,68249000.0
2023-11-08,68249000.0
2023-11-08,68249000.0
2023-11-08,68249000.0
2023-11-08,68249000.0
2023-11-08,68249000.0
2023-11-08,68249000.0
2023-11-08,68249000.0
2023-11-08,68249000.0
2023-11-08,68249000.0
2023-11-08,68249000.0
2023-11-08,68249000.0
2023-11-08,68249000.0
2023-11-08,68249000.0
2023-11-08,68249000.0
2023-11-08,67862000.0
2023-11-08,67862000.0
2023-11-08,67862000.0
2023-11-08,67862000.0
2023-11-08,67862000.0
2023-11-08,67862000.0
2023-11-08,67862000.0
2023-11-08,67862000.0
2023-11-08,67862000.0
2023-11-08,67862000.0
2023-11-08,67862000.0
2023-11-08,67862000.0
2023-11-09,67862000.0
2023-11-09,67862000.0
2023-11-09,67862000.0
2023-11-09,67862000.0
2023-11-09,67862000.0
2023-11-09,67862000.0
2023-11-09,67862000.0
2023-11-09,67862000.0
2023-11-09,67862000.0
2023-11-09,67862000.0
2023-11-09,67862000.0
2023-11-09,67862000.0
2023-11-09,67862000.0
2023-11-09,67862000.0
2023-11-09,67862000.0
2023-11-09,67862000.0
2023-11-09,67862000.0
2023-11-09,67862000.0
2023-11-09,67862000.0
2023-11-09,67862000.0
2023-11-09,67862000.0
2023-11-09,67862000.0
2023-11-09,69195000.0
2023-11-09,69195000.0
2023-11-09,69195000.0
2023-11-09,69195000.0
2023-11-09,69195000.0
2023-11-09,69195000.0
2023-11-09,69195000.0
2023-11-09,69195000.0
2023-11-09,69195000.0
2023-11-09,69195000.0
2023-11-09,69195000.0
2023-11-09,69195000.0
2023-11-09,69195000.0
2023-11-09,69195000.0
2023-11-09,69195000.0
2023-11-09,69195000.0
2023-11-09,69195000.0
2023-11-09,69195000.0
2023-11-09,69195000.0
2023-11-09,69195000.0
2023-11-09,69195000.0
2023-11-09,69195000.0
2023-11-09,69195000.0
2023-11-09,69195000.0
2023-11-09,69195000.0
2023-11-09,69195000.0
2023-11-09,69195000.0
2023-11-10,69195000.0
2023-11-10,69195000.0
2023-11-10,69195000.0
2023-11-10,69195000.0
2023-11-10,69195000.0
2023-11-10,69195000.0
2023-11-10,69195000.0
2023-11-10,69195000.0
2023-11-10,69195000.0
2023-11-10,69195000.0
2023-11-10,69195000.0
2023-11-10,69195000.0
2023-11-10,69195000.0
2023-11-10,69195000.0
2023-11-10,69195000.0
2023-11-10,69195000.0
2023-11-10,69195000.0
2023-11-10,69195000.0
2023-11-10,69195000.0
2023-11-10,69195000.0
2023-11-10,70378000.0
2023-11-10,70378000.0
2023-11-10,70378000.0
2023-11-10,70378000.0
2023-11-10,70378000.0
2023-11-10,70378000.0
2023-11-10,70378000.0
2023-11-10,70378000.0
2023-11-10,70378000.0
2023-11-10,70378000.0
2023-11-10,70378000.0
2023-11-10,70378000.0
2023-11-10,70378000.0
2023-11-10,70378000.0
2023-11-10,70378000.0
2023-11-10,70378000.0
2023-11-10,70378000.0
2023-11-10,70378000.0
2023-11-10,70378000.0
2023-11-10,70378000.0
2023-11-10,70378000.0
2023-11-10,70378000.0
2023-11-10,70378000.0
2023-11-10,70378000.0
2023-11-10,70378000.0
2023-11-10,70378000.0
2023-11-10,70378000.0
2023-11-10,70378000.0
2023-11-13,70041000.0
2023-11-13,70041000.0
2023-11-13,70041000.0
2023-11-13,70041000.0
2023-11-13,70041000.0
2023-11-13,70041000.0
2023-11-13,70041000.0
2023-11-13,70041000.0
2023-11-13,69754000.0
2023-11-13,69754000.0
2023-11-13,69754000.0
2023-11-13,69754000.0
2023-11-13,69754000.0
2023-11-13,69754000.0
2023-11-13,69754000.0
2023-11-13,69754000.0
2023-11-13,69754000.0
2023-11-13,69754000.0
2023-11-13,69754000.0
2023-11-13,69754000.0
2023-11-13,69754000.0
2023-11-13,69754000.0
2023-11-13,69754000.0
2023-11-13,69754000.0
2023-11-13,69754000.0
2023-11-13,69754000.0
2023-11-13,69754000.0
2023-11-13,69754000.0
2023-11-13,69754000.0
2023-11-13,69754000.0
2023-11-13,69754000.0
2023-11-13,69754000.0
2023-11-13,69754000.0
2023-11-13,69754000.0
2023-11-13,69754000.0
2023-11-13,69754000.0
2023-11-13,69754000.0
2023-11-13,69754000.0
2023-11-13,69754000.0
2023-11-13,69754000.0
2023-11-13,69754000.0
2023-11-13,69754000.0
2023-11-13,69827000.0
2023-11-13,69827000.0
2023-11-13,69827000.0
2023-11-13,69827000.0
2023-11-13,69827000.0
2023-11-13,69480000.0
2023-11-14,69480000.0
2023-11-14,69480000.0
2023-11-14,69480000.0
2023-11-14,69480000.0
2023-11-14,69480000.0
2023-11-14,69480000.0
2023-11-14,69480000.0
2023-11-14,69480000.0
2023-11-14,69480000.0
2023-11-14,69480000.0
2023-11-14,69480000.0
2023-11-14,69480000.0
2023-11-14,69480000.0
2023-11-14,69480000.0
2023-11-14,69480000.0
2023-11-14,69480000.0
2023-11-14,69480000.0
2023-11-14,69480000.0
2023-11-14,69480000.0
2023-11-14,69480000.0
2023-11-14,69480000.0
2023-11-14,69480000.0
2023-11-14,69480000.0
2023-11-14,69480000.0
2023-11-14,69480000.0
2023-11-14,69480000.0
2023-11-14,69480000.0
2023-11-14,69480000.0
2023-11-14,69480000.0
2023-11-14,69480000.0
2023-11-14,69480000.0
2023-11-14,69683000.0
2023-11-14,69683000.0
2023-11-14,69683000.0
2023-11-14,69683000.0
2023-11-14,69683000.0
2023-11-14,69683000.0
2023-11-14,69683000.0
2023-11-14,69683000.0
2023-11-14,69683000.0
2023-11-14,69683000.0
2023-11-14,69683000.0
2023-11-14,69683000.0
2023-11-14,69683000.0
2023-11-14,69683000.0
2023-11-14,69683000.0
2023-11-14,69336000.0
2023-11-14,69336000.0
2023-11-15,69336000.0
2023-11-15,69336000.0
2023-11-15,69069000.0
2023-11-15,69069000.0
2023-11-15,69069000.0
2023-11-15,69069000.0
2023-11-15,69069000.0
2023-11-15,69069000.0
2023-11-15,69069000.0
2023-11-15,69069000.0
2023-11-15,69069000.0
2023-11-15,69069000.0
2023-11-15,69069000.0
2023-11-15,69069000.0
2023-11-15,69069000.0
2023-11-15,69069000.0
2023-11-15,69069000.0
2023-11-15,69069000.0
2023-11-15,69672000.0
2023-11-15,69672000.0
2023-11-15,69672000.0
2023-11-15,69672000.0
2023-11-15,69672000.0
2023-11-15,69672000.0
2023-11-15,69672000.0
2023-11-15,69405000.0
2023-11-15,69405000.0
2023-11-15,69405000.0
2023-11-15,69405000.0
2023-11-15,69405000.0
2023-11-15,69405000.0
2023-11-15,69405000.0
2023-11-15,69405000.0
2023-11-15,69405000.0
2023-11-15,69405000.0
2023-11-15,69405000.0
2023-11-15,69405000.0
2023-11-15,69405000.0
2023-11-15,69405000.0
2023-11-15,69405000.0
2023-11-15,69405000.0
2023-11-15,69405000.0
2023-11-15,69405000.0
2023-11-15,69405000.0
2023-11-15,69405000.0
2023-11-15,69405000.0
2023-11-15,69405000.0
2023-11-15,69405000.0
2023-11-15,69405000.0
2023-11-16,69405000.0
2023-11-16,69405000.0
2023-11-16,69405000.0
2023-11-16,69405000.0
2023-11-16,69405000.0
2023-11-16,69405000.0
2023-11-16,69405000.0
2023-11-16,69405000.0
2023-11-16,69405000.0
2023-11-16,69405000.0
2023-11-16,70178000.0
2023-11-16,70178000.0
2023-11-16,70178000.0
2023-11-16,70178000.0
2023-11-16,70178000.0
2023-11-16,70178000.0
2023-11-16,70178000.0
2023-11-16,70178000.0
2023-11-16,70178000.0
2023-11-16,70178000.0
2023-11-16,70178000.0
2023-11-16,70178000.0
2023-11-16,70178000.0
2023-11-16,70178000.0
2023-11-16,70178000.0
2023-11-16,70178000.0
2023-11-16,70178000.0
2023-11-16,70178000.0
2023-11-16,70178000.0
2023-11-16,70178000.0
2023-11-16,70178000.0
2023-11-16,70178000.0
2023-11-16,70178000.0
2023-11-16,70178000.0
2023-11-16,70178000.0
2023-11-16,70178000.0
2023-11-16,70178000.0
2023-11-16,70031000.0
2023-11-16,70031000.0
2023-11-16,70031000.0
2023-11-16,70031000.0
2023-11-16,70031000.0
2023-11-16,70031000.0
2023-11-16,70031000.0
2023-11-16,70031000.0
2023-11-16,70031000.0
2023-11-16,70031000.0
2023-11-16,70031000.0
2023-11-16,70031000.0
2023-11-17,68254000.0
2023-11-17,68254000.0
2023-11-17,68254000.0
2023-11-17,68254000.0
2023-11-17,68254000.0
2023-11-17,68254000.0
2023-11-17,68254000.0
2023-11-17,68254000.0
2023-11-17,68254000.0
2023-11-17,68254000.0
2023-11-17,68254000.0
2023-11-17,68254000.0
2023-11-17,68254000.0
2023-11-17,68254000.0
2023-11-17,68254000.0
2023-11-17,68254000.0
2023-11-17,68254000.0
2023-11-17,68254000.0
2023-11-17,68254000.0
2023-11-17,68254000.0
2023-11-17,68254000.0
2023-11-17,68254000.0
2023-11-17,68254000.0
2023-11-17,68254000.0
2023-11-17,68254000.0
2023-11-17,68254000.0
2023-11-17,68254000.0
2023-11-17,68254000.0
2023-11-17,68254000.0
2023-11-17,68254000.0
2023-11-17,68254000.0
2023-11-17,68254000.0
2023-11-17,68254000.0
2023-11-17,68254000.0
2023-11-17,68254000.0
2023-11-17,68254000.0
2023-11-17,68254000.0
2023-11-17,68254000.0
2023-11-17,68254000.0
2023-11-17,68254000.0
2023-11-17,70937000.0
2023-11-17,70937000.0
2023-11-17,70937000.0
2023-11-17,70937000.0
2023-11-17,70937000.0
2023-11-17,70937000.0
2023-11-17,70937000.0
2023-11-17,70937000.0
2023-11-17,70937000.0
2023-11-20,70937000.0
2023-11-20,70937000.0
2023-11-20,70937000.0
2023-11-20,70937000.0
2023-11-20,70470000.0
2023-11-20,70470000.0
2023-11-20,70470000.0
2023-11-20,70470000.0
2023-11-20,70470000.0
2023-11-20,69823000.0
2023-11-20,69823000.0
2023-11-20,69823000.0
2023-11-20,69823000.0
2023-11-20,69823000.0
2023-11-20,69396000.0
2023-11-20,69396000.0
2023-11-20,69396000.0
2023-11-20,69396000.0
2023-11-20,69396000.0
2023-11-20,69396000.0
2023-11-20,69396000.0
2023-11-20,69396000.0
2023-11-20,69396000.0
2023-11-20,69396000.0
2023-11-20,69396000.0
2023-11-20,69396000.0
2023-11-20,69396000.0
2023-11-20,69396000.0
2023-11-20,69396000.0
2023-11-20,69396000.0
2023-11-20,69396000.0
2023-11-20,69396000.0
2023-11-20,69396000.0
2023-11-20,69396000.0
2023-11-20,69396000.0
2023-11-20,69396000.0
2023-11-20,69396000.0
2023-11-20,69019000.0
2023-11-20,69019000.0
2023-11-20,69019000.0
2023-11-20,69019000.0
2023-11-21,69019000.0
2023-11-21,69019000.0
2023-11-21,69019000.0
2023-11-21,69019000.0
2023-11-21,69019000.0
2023-11-21,69019000.0
2023-11-21,69019000.0
2023-11-21,69019000.0
2023-11-21,69019000.0
2023-11-21,68612000.0
2023-11-21,68612000.0
2023-11-21,68612000.0
2023-11-21,68612000.0
2023-11-21,68612000.0
2023-11-21,68612000.0
2023-11-21,68612000.0
2023-11-21,68612000.0
2023-11-21,68612000.0
2023-11-21,68612000.0
2023-11-21,68612000.0
2023-11-21,68612000.0
2023-11-21,68612000.0
2023-11-21,68612000.0
2023-11-21,68612000.0
2023-11-21,68355000.0
2023-11-21,68355000.0
2023-11-21,68355000.0
2023-11-21,68355000.0
2023-11-21,68355000.0
2023-11-21,68355000.0
2023-11-21,68355000.0
2023-11-21,68355000.0
2023-11-21,68355000.0
2023-11-21,68355000.0
2023-11-21,68355000.0
2023-11-21,68228000.0
2023-11-21,68228000.0
2023-11-21,68228000.0
2023-11-21,68228000.0
2023-11-21,68228000.0
2023-11-21,68228000.0
2023-11-21,68228000.0
2023-11-21,68228000.0
2023-11-21,68228000.0
2023-11-21,68228000.0
2023-11-21,68228000.0
2023-11-21,68228000.0
2023-11-21,68228000.0
2023-11-21,68228000.0
2023-11-22,68228000.0
2023-11-22,68228000.0
2023-11-22,68228000.0
2023-11-22,67971000.0
2023-11-22,67971000.0
2023-11-22,67971000.0
2023-11-22,67971000.0
2023-11-22,67971000.0
2023-11-22,67971000.0
2023-11-22,67971000.0
2023-11-22,67971000.0
2023-11-22,67971000.0
2023-11-22,67971000.0
2023-11-22,67971000.0
2023-11-22,67971000.0
2023-11-22,67971000.0
2023-11-22,67971000.0
2023-11-22,67971000.0
2023-11-22,67971000.0
2023-11-22,67971000.0
2023-11-22,67971000.0
2023-11-22,67971000.0
2023-11-22,67971000.0
2023-11-22,67971000.0
2023-11-22,67971000.0
2023-11-22,67971000.0
2023-11-22,67971000.0
2023-11-22,67834000.0
2023-11-22,67834000.0
2023-11-22,67834000.0
2023-11-22,67834000.0
2023-11-22,67834000.0
2023-11-22,67834000.0
2023-11-22,67834000.0
2023-11-22,67834000.0
2023-11-22,67834000.0
2023-11-22,67834000.0
2023-11-22,67834000.0
2023-11-22,67834000.0
2023-11-22,67834000.0
2023-11-22,67834000.0
2023-11-22,67947000.0
2023-11-22,67947000.0
2023-11-22,67947000.0
2023-11-22,67947000.0
2023-11-22,67947000.0
2023-11-22,67947000.0
2023-11-22,67947000.0
2023-11-22,67947000.0
2023-11-23,67947000.0
2023-11-23,67947000.0
2023-11-23,67947000.0
2023-11-23,67947000.0
2023-11-23,67947000.0
2023-11-23,67947000.0
2023-11-23,67650000.0
2023-11-23,67650000.0
2023-11-23,67650000.0
2023-11-23,67650000.0
2023-11-23,67650000.0
2023-11-23,67650000.0
2023-11-23,67650000.0
2023-11-23,67650000.0
2023-11-23,67650000.0
2023-11-23,67650000.0
2023-11-23,67650000.0
2023-11-23,67650000.0
2023-11-23,67650000.0
2023-11-23,67650000.0
2023-11-23,67650000.0
2023-11-23,67650000.0
2023-11-23,67650000.0
2023-11-23,67650000.0
2023-11-23,67650000.0
2023-11-23,67650000.0
2023-11-23,67650000.0
2023-11-23,67650000.0
2023-11-23,67650000.0
2023-11-23,67650000.0
2023-11-23,67650000.0
2023-11-23,67650000.0
2023-11-23,67650000.0
2023-11-23,67650000.0
2023-11-23,67650000.0
2023-11-23,67650000.0
2023-11-23,67650000.0
2023-11-23,67650000.0
2023-11-23,67650000.0
2023-11-23,67650000.0
2023-11-23,67650000.0
2023-11-23,67650000.0
2023-11-23,67650000.0
2023-11-23,67650000.0
2023-11-23,67650000.0
2023-11-23,67650000.0
2023-11-23,67650000.0
2023-11-23,67650000.0
2023-11-23,67650000.0
2023-11-24,67650000.0
2023-11-24,67650000.0
2023-11-24,67650000.0
2023-11-24,67650000.0
2023-11-24,67650000.0
2023-11-24,67650000.0
2023-11-24,67650000.0
2023-11-24,67650000.0
2023-11-24,67650000.0
2023-11-24,67650000.0
2023-11-24,67650000.0
2023-11-24,67650000.0
2023-11-24,67650000.0
2023-11-24,67650000.0
2023-11-24,67650000.0
2023-11-24,67650000.0
2023-11-24,67650000.0
2023-11-24,67650000.0
2023-11-24,67650000.0
2023-11-24,67650000.0
2023-11-24,67650000.0
2023-11-24,67650000.0
2023-11-24,67650000.0
2023-11-24,67650000.0
2023-11-24,67650000.0
2023-11-24,67650000.0
2023-11-24,67650000.0
2023-11-24,67650000.0
2023-11-24,67650000.0
2023-11-24,67843000.0
2023-11-24,67843000.0
2023-11-24,67843000.0
2023-11-24,67843000.0
2023-11-24,67843000.0
2023-11-24,67843000.0
2023-11-24,67843000.0
2023-11-24,67843000.0
2023-11-24,67843000.0
2023-11-24,67843000.0
2023-11-24,67843000.0
2023-11-24,67843000.0
2023-11-24,67843000.0
2023-11-24,67843000.0
2023-11-24,67843000.0
2023-11-24,67843000.0
2023-11-24,67116000.0
2023-11-24,67116000.0
2023-11-24,67116000.0
2023-11-24,67116000.0
2023-11-27,67116000.0
2023-11-27,67116000.0
2023-11-27,67116000.0
2023-11-27,67116000.0
2023-11-27,67116000.0
2023-11-27,67116000.0
2023-11-27,67116000.0
2023-11-27,67116000.0
2023-11-27,67116000.0
2023-11-27,67116000.0
2023-11-27,67116000.0
2023-11-27,66989000.0
2023-11-27,66989000.0
2023-11-27,66989000.0
2023-11-27,66989000.0
2023-11-27,66989000.0
2023-11-27,66989000.0
2023-11-27,66989000.0
2023-11-27,66989000.0
2023-11-27,66989000.0
2023-11-27,66989000.0
2023-11-27,66989000.0
2023-11-27,66989000.0
2023-11-27,66989000.0
2023-11-27,66989000.0
2023-11-27,66989000.0
2023-11-27,66989000.0
2023-11-27,66989000.0
2023-11-27,66989000.0
2023-11-27,66989000.0
2023-11-27,66989000.0
2023-11-27,66989000.0
2023-11-27,66989000.0
2023-11-27,66989000.0
2023-11-27,66989000.0
2023-11-27,66989000.0
2023-11-27,66989000.0
2023-11-27,66989000.0
2023-11-27,66989000.0
2023-11-27,66989000.0
2023-11-27,66989000.0
2023-11-27,66989000.0
2023-11-27,66989000.0
2023-11-27,66989000.0
2023-11-27,66989000.0
2023-11-27,66989000.0
2023-11-27,66989000.0
2023-11-27,66989000.0
2023-11-27,66989000.0
2023-11-28,66989000.0
2023-11-28,66989000.0
2023-11-28,66989000.0
2023-11-28,66989000.0
2023-11-28,66989000.0
2023-11-28,66989000.0
2023-11-28,66989000.0
2023-11-28,66989000.0
2023-11-28,66989000.0
2023-11-28,66989000.0
2023-11-28,66989000.0
2023-11-28,66989000.0
2023-11-28,66989000.0
2023-11-28,66989000.0
2023-11-28,66989000.0
2023-11-28,66989000.0
2023-11-28,66989000.0
2023-11-28,66989000.0
2023-11-28,66989000.0
2023-11-28,66989000.0
2023-11-28,66989000.0
2023-11-28,66989000.0
2023-11-28,66989000.0
2023-11-28,66989000.0
2023-11-28,66989000.0
2023-11-28,66989000.0
2023-11-28,66989000.0
2023-11-28,66989000.0
2023-11-28,66989000.0
2023-11-28,66989000.0
2023-11-28,66989000.0
2023-11-28,66989000.0
2023-11-28,66989000.0
2023-11-28,66989000.0
2023-11-28,67122000.0
2023-11-28,67122000.0
2023-11-28,67122000.0
2023-11-28,67122000.0
2023-11-28,66875000.0
2023-11-28,66875000.0
2023-11-28,66875000.0
2023-11-28,66875000.0
2023-11-28,66875000.0
2023-11-28,66875000.0
2023-11-28,66875000.0
2023-11-28,66938000.0
2023-11-28,66938000.0
2023-11-28,66938000.0
2023-11-28,66938000.0
2023-11-29,66938000.0
2023-11-29,66938000.0
2023-11-29,66938000.0
2023-11-29,66938000.0
2023-11-29,66938000.0
2023-11-29,66938000.0
2023-11-29,66938000.0
2023-11-29,66938000.0
2023-11-29,66938000.0
2023-11-29,66938000.0
2023-11-29,66938000.0
2023-11-29,66938000.0
2023-11-29,66938000.0
2023-11-29,66938000.0
2023-11-29,66938000.0
2023-11-29,66938000.0
2023-11-29,66938000.0
2023-11-29,66938000.0
2023-11-29,66938000.0
2023-11-29,66938000.0
2023-11-29,66938000.0
2023-11-29,66938000.0
2023-11-29,67041000.0
2023-11-29,67041000.0
2023-11-29,67041000.0
2023-11-29,67041000.0
2023-11-29,67041000.0
2023-11-29,67041000.0
2023-11-29,67041000.0
2023-11-29,67041000.0
2023-11-29,67041000.0
2023-11-29,67041000.0
2023-11-29,67041000.0
2023-11-29,67041000.0
2023-11-29,67041000.0
2023-11-29,67041000.0
2023-11-29,67041000.0
2023-11-29,67041000.0
2023-11-29,67041000.0
2023-11-29,67041000.0
2023-11-29,67041000.0
2023-11-29,67041000.0
2023-11-29,67041000.0
2023-11-29,67041000.0
2023-11-29,67344000.0
2023-11-29,67344000.0
2023-11-29,67344000.0
2023-11-29,67344000.0
2023-11-29,67344000.0
2023-11-30,67344000.0
2023-11-30,67344000.0
2023-11-30,67344000.0
2023-11-30,67344000.0
2023-11-30,67344000.0
2023-11-30,67344000.0
2023-11-30,67344000.0
2023-11-30,67344000.0
2023-11-30,67344000.0
2023-11-30,67344000.0
2023-11-30,67344000.0
2023-11-30,67344000.0
2023-11-30,67344000.0
2023-11-30,67344000.0
2023-11-30,67344000.0
2023-11-30,67344000.0
2023-11-30,67344000.0
2023-11-30,67344000.0
2023-11-30,67344000.0
2023-11-30,67344000.0
2023-11-30,67344000.0
2023-11-30,67344000.0
2023-11-30,67344000.0
2023-11-30,67344000.0
2023-11-30,67377000.0
2023-11-30,67377000.0
2023-11-30,67377000.0
2023-11-30,67377000.0
2023-11-30,67377000.0
2023-11-30,67377000.0
2023-11-30,67377000.0
2023-11-30,67377000.0
2023-11-30,67377000.0
2023-11-30,67377000.0
2023-11-30,67377000.0
2023-11-30,67240000.0
2023-11-30,67240000.0
2023-11-30,67240000.0
2023-11-30,67240000.0
2023-11-30,67240000.0
2023-11-30,67240000.0
2023-11-30,67240000.0
2023-11-30,67240000.0
2023-11-30,67240000.0
2023-11-30,67240000.0
2023-11-30,67240000.0
2023-11-30,67240000.0
2023-11-30,67240000.0
2023-11-30,67240000.0
2023-12-01,67240000.0
2023-12-01,67240000.0
2023-12-01,67240000.0
2023-12-01,67240000.0
2023-12-01,67240000.0
2023-12-01,67240000.0
2023-12-01,67240000.0
2023-12-01,67240000.0
2023-12-01,67240000.0
2023-12-01,67240000.0
2023-12-01,67240000.0
2023-12-01,67240000.0
2023-12-01,67240000.0
2023-12-01,67240000.0
2023-12-01,67240000.0
2023-12-01,67240000.0
2023-12-01,67240000.0
2023-12-01,67240000.0
2023-12-01,67240000.0
2023-12-01,67240000.0
2023-12-01,67240000.0
2023-12-01,67240000.0
2023-12-01,67240000.0
2023-12-01,68073000.0
2023-12-01,68073000.0
2023-12-01,68073000.0
2023-12-01,68073000.0
2023-12-01,68073000.0
2023-12-01,68073000.0
2023-12-01,68073000.0
2023-12-01,68073000.0
2023-12-01,68073000.0
2023-12-01,68073000.0
2023-12-01,68073000.0
2023-12-01,68073000.0
2023-12-01,68073000.0
2023-12-01,68073000.0
2023-12-01,68073000.0
2023-12-01,68073000.0
2023-12-01,68073000.0
2023-12-01,68073000.0
2023-12-01,68073000.0
2023-12-01,67626000.0
2023-12-01,67626000.0
2023-12-01,67626000.0
2023-12-01,67626000.0
2023-12-01,67626000.0
2023-12-01,67626000.0
2023-12-01,67626000.0
2023-12-04,67626000.0
2023-12-04,67626000.0
2023-12-04,67626000.0
2023-12-04,67626000.0
2023-12-04,67626000.0
2023-12-04,67626000.0
2023-12-04,67626000.0
2023-12-04,67626000.0
2023-12-04,67626000.0
2023-12-04,67626000.0
2023-12-04,67626000.0
2023-12-04,67626000.0
2023-12-04,67626000.0
2023-12-04,67626000.0
2023-12-04,67626000.0
2023-12-04,67626000.0
2023-12-04,67626000.0
2023-12-04,67626000.0
2023-12-04,67626000.0
2023-12-04,67626000.0
2023-12-04,67626000.0
2023-12-04,67626000.0
2023-12-04,69399000.0
2023-12-04,69399000.0
2023-12-04,69399000.0
2023-12-04,69399000.0
2023-12-04,69082000.0
2023-12-04,69082000.0
2023-12-04,69082000.0
2023-12-04,69082000.0
2023-12-04,69082000.0
2023-12-04,69082000.0
2023-12-04,69082000.0
2023-12-04,69082000.0
2023-12-04,68825000.0
2023-12-04,68825000.0
2023-12-04,68825000.0
2023-12-04,68825000.0
2023-12-04,68825000.0
2023-12-04,68825000.0
2023-12-04,68825000.0
2023-12-04,68825000.0
2023-12-04,68825000.0
2023-12-04,68825000.0
2023-12-04,68825000.0
2023-12-04,68825000.0
2023-12-04,68825000.0
2023-12-04,68518000.0
2023-12-04,68518000.0
2023-12-05,68518000.0
2023-12-05,68518000.0
2023-12-05,68518000.0
2023-12-05,68518000.0
2023-12-05,68518000.0
2023-12-05,68518000.0
2023-12-05,68518000.0
2023-12-05,68518000.0
2023-12-05,68518000.0
2023-12-05,68518000.0
2023-12-05,68518000.0
2023-12-05,68518000.0
2023-12-05,68518000.0
2023-12-05,68518000.0
2023-12-05,68518000.0
2023-12-05,68518000.0
2023-12-05,68518000.0
2023-12-05,68518000.0
2023-12-05,68518000.0
2023-12-05,68518000.0
2023-12-05,68518000.0
2023-12-05,68518000.0
2023-12-05,68518000.0
2023-12-05,68518000.0
2023-12-05,68518000.0
2023-12-05,68518000.0
2023-12-05,68518000.0
2023-12-05,68518000.0
2023-12-05,68518000.0
2023-12-05,68518000.0
2023-12-05,68518000.0
2023-12-05,68518000.0
2023-12-05,68518000.0
2023-12-05,68518000.0
2023-12-05,68518000.0
2023-12-05,68451000.0
2023-12-05,68451000.0
2023-12-05,68451000.0
2023-12-05,68451000.0
2023-12-05,68451000.0
2023-12-05,68451000.0
2023-12-05,68451000.0
2023-12-05,68451000.0
2023-12-05,68451000.0
2023-12-05,68451000.0
2023-12-05,68451000.0
2023-12-05,68451000.0
2023-12-05,68451000.0
2023-12-05,68451000.0
2023-12-06,68364000.0
2023-12-06,68364000.0
2023-12-06,68364000.0
2023-12-06,68364000.0
2023-12-06,68364000.0
2023-12-06,68364000.0
2023-12-06,68364000.0
2023-12-06,68364000.0
2023-12-06,68364000.0
2023-12-06,68364000.0
2023-12-06,68364000.0
2023-12-06,68364000.0
2023-12-06,68364000.0
2023-12-06,68364000.0
2023-12-06,68364000.0
2023-12-06,68364000.0
2023-12-06,68364000.0
2023-12-06,68364000.0
2023-12-06,68364000.0
2023-12-06,68364000.0
2023-12-06,68364000.0
2023-12-06,68537000.0
2023-12-06,68537000.0
2023-12-06,68537000.0
2023-12-06,68537000.0
2023-12-06,68537000.0
2023-12-06,68537000.0
2023-12-06,68537000.0
2023-12-06,68537000.0
2023-12-06,68537000.0
2023-12-06,68537000.0
2023-12-06,68537000.0
2023-12-06,68537000.0
2023-12-06,68537000.0
2023-12-06,68537000.0
2023-12-06,68537000.0
2023-12-06,68537000.0
2023-12-06,68537000.0
2023-12-06,68537000.0
2023-12-06,68537000.0
2023-12-06,68537000.0
2023-12-06,68537000.0
2023-12-06,68537000.0
2023-12-06,68537000.0
2023-12-06,68537000.0
2023-12-06,68537000.0
2023-12-06,68537000.0
2023-12-06,68750000.0
2023-12-06,68750000.0
2023-12-07,68750000.0
2023-12-07,68750000.0
2023-12-07,68750000.0
2023-12-07,68750000.0
2023-12-07,68750000.0
2023-12-07,68750000.0
2023-12-07,68750000.0
2023-12-07,68750000.0
2023-12-07,68750000.0
2023-12-07,68750000.0
2023-12-07,68423000.0
2023-12-07,68423000.0
2023-12-07,68423000.0
2023-12-07,68423000.0
2023-12-07,68146000.0
2023-12-07,68146000.0
2023-12-07,67699000.0
2023-12-07,67699000.0
2023-12-07,67699000.0
2023-12-07,67699000.0
2023-12-07,67699000.0
2023-12-07,67699000.0
2023-12-07,67699000.0
2023-12-07,67699000.0
2023-12-07,67699000.0
2023-12-07,67699000.0
2023-12-07,67699000.0
2023-12-07,67699000.0
2023-12-07,67699000.0
2023-12-07,67699000.0
2023-12-07,67699000.0
2023-12-07,67699000.0
2023-12-07,67699000.0
2023-12-07,67699000.0
2023-12-07,67699000.0
2023-12-07,67699000.0
2023-12-07,67699000.0
2023-12-07,67699000.0
2023-12-07,67699000.0
2023-12-07,67699000.0
2023-12-07,67699000.0
2023-12-07,67699000.0
2023-12-07,67699000.0
2023-12-07,67699000.0
2023-12-07,67699000.0
2023-12-07,67699000.0
2023-12-07,67699000.0
2023-12-07,68122000.0
2023-12-07,68122000.0
2023-12-08,68122000.0
2023-12-08,68122000.0
2023-12-08,68122000.0
2023-12-08,68122000.0
2023-12-08,68122000.0
2023-12-08,68122000.0
2023-12-08,68122000.0
2023-12-08,68122000.0
2023-12-08,68122000.0
2023-12-08,68122000.0
2023-12-08,68122000.0
2023-12-08,68122000.0
2023-12-08,68122000.0
2023-12-08,68122000.0
2023-12-08,68122000.0
2023-12-08,68122000.0
2023-12-08,68122000.0
2023-12-08,68122000.0
2023-12-08,68122000.0
2023-12-08,68122000.0
2023-12-08,68122000.0
2023-12-08,68122000.0
2023-12-08,68122000.0
2023-12-08,68122000.0
2023-12-08,68122000.0
2023-12-08,68122000.0
2023-12-08,68122000.0
2023-12-08,68122000.0
2023-12-08,68122000.0
2023-12-08,68122000.0
2023-12-08,68122000.0
2023-12-08,68122000.0
2023-12-08,68122000.0
2023-12-08,68122000.0
2023-12-08,68122000.0
2023-12-08,68122000.0
2023-12-08,68122000.0
2023-12-08,68122000.0
2023-12-08,68122000.0
2023-12-08,68122000.0
2023-12-08,68625000.0
2023-12-08,68625000.0
2023-12-08,68625000.0
2023-12-08,68625000.0
2023-12-08,68625000.0
2023-12-08,68625000.0
2023-12-08,68625000.0
2023-12-08,68625000.0
2023-12-11,68625000.0
2023-12-11,68625000.0
2023-12-11,68625000.0
2023-12-11,68625000.0
2023-12-11,68625000.0
2023-12-11,68625000.0
2023-12-11,68625000.0
2023-12-11,68625000.0
2023-12-11,68625000.0
2023-12-11,68625000.0
2023-12-11,68625000.0
2023-12-11,68625000.0
2023-12-11,68625000.0
2023-12-11,68625000.0
2023-12-11,68625000.0
2023-12-11,68625000.0
2023-12-11,68625000.0
2023-12-11,68625000.0
2023-12-11,68625000.0
2023-12-11,68625000.0
2023-12-11,68625000.0
2023-12-11,68625000.0
2023-12-11,68625000.0
2023-12-11,68625000.0
2023-12-11,68625000.0
2023-12-11,68625000.0
2023-12-11,68625000.0
2023-12-11,68625000.0
2023-12-11,68625000.0
2023-12-11,68625000.0
2023-12-11,68625000.0
2023-12-11,68625000.0
2023-12-11,68498000.0
2023-12-11,68498000.0
2023-12-11,68498000.0
2023-12-11,68498000.0
2023-12-11,68498000.0
2023-12-11,68498000.0
2023-12-11,68498000.0
2023-12-11,68498000.0
2023-12-11,68498000.0
2023-12-11,68498000.0
2023-12-11,68498000.0
2023-12-11,68498000.0
2023-12-11,68498000.0
2023-12-11,68498000.0
2023-12-11,68498000.0
2023-12-11,68498000.0
2023-12-11,68498000.0
2023-12-12,68498000.0
2023-12-12,68498000.0
2023-12-12,68498000.0
2023-12-12,68498000.0
2023-12-12,68498000.0
2023-12-12,68498000.0
2023-12-12,68498000.0
2023-12-12,68498000.0
2023-12-12,68498000.0
2023-12-12,68498000.0
2023-12-12,68498000.0
2023-12-12,68498000.0
2023-12-12,68498000.0
2023-12-12,68498000.0
2023-12-12,68498000.0
2023-12-12,68498000.0
2023-12-12,68498000.0
2023-12-12,68498000.0
2023-12-12,68498000.0
2023-12-12,68501000.0
2023-12-12,68501000.0
2023-12-12,68501000.0
2023-12-12,68501000.0
2023-12-12,68501000.0
2023-12-12,68501000.0
2023-12-12,68501000.0
2023-12-12,68501000.0
2023-12-12,68501000.0
2023-12-12,68501000.0
2023-12-12,68501000.0
2023-12-12,68501000.0
2023-12-12,68501000.0
2023-12-12,68244000.0
2023-12-12,68244000.0
2023-12-12,68244000.0
2023-12-12,68244000.0
2023-12-12,68244000.0
2023-12-12,68244000.0
2023-12-12,68244000.0
2023-12-12,68244000.0
2023-12-12,68244000.0
2023-12-12,68244000.0
2023-12-12,68244000.0
2023-12-12,68244000.0
2023-12-12,68244000.0
2023-12-12,68244000.0
2023-12-12,68244000.0
2023-12-12,68244000.0
2023-12-12,68244000.0
2023-12-13,68244000.0
2023-12-13,68244000.0
2023-12-13,68244000.0
2023-12-13,68244000.0
2023-12-13,68244000.0
2023-12-13,68244000.0
2023-12-13,68244000.0
2023-12-13,68244000.0
2023-12-13,68244000.0
2023-12-13,68244000.0
2023-12-13,68244000.0
2023-12-13,68244000.0
2023-12-13,68244000.0
2023-12-13,68244000.0
2023-12-13,68244000.0
2023-12-13,68244000.0
2023-12-13,68047000.0
2023-12-13,68047000.0
2023-12-13,68047000.0
2023-12-13,68047000.0
2023-12-13,68047000.0
2023-12-13,68047000.0
2023-12-13,68047000.0
2023-12-13,68047000.0
2023-12-13,68047000.0
2023-12-13,68047000.0
2023-12-13,68047000.0
2023-12-13,68047000.0
2023-12-13,68047000.0
2023-12-13,68047000.0
2023-12-13,68047000.0
2023-12-13,68047000.0
2023-12-13,68047000.0
2023-12-13,68047000.0
2023-12-13,68047000.0
2023-12-13,68047000.0
2023-12-13,68047000.0
2023-12-13,68047000.0
2023-12-13,68047000.0
2023-12-13,68047000.0
2023-12-13,68047000.0
2023-12-13,68047000.0
2023-12-13,68047000.0
2023-12-13,68047000.0
2023-12-13,68047000.0
2023-12-13,68047000.0
2023-12-13,68047000.0
2023-12-13,68047000.0
2023-12-13,68047000.0
2023-12-14,68490000.0
2023-12-14,68490000.0
2023-12-14,68490000.0
2023-12-14,68490000.0
2023-12-14,68490000.0
2023-12-14,68490000.0
2023-12-14,68490000.0
2023-12-14,68490000.0
2023-12-14,68490000.0
2023-12-14,68490000.0
2023-12-14,68490000.0
2023-12-14,68490000.0
2023-12-14,68490000.0
2023-12-14,68490000.0
2023-12-14,68490000.0
2023-12-14,68490000.0
2023-12-14,68490000.0
2023-12-14,68490000.0
2023-12-14,68490000.0
2023-12-14,68490000.0
2023-12-14,68490000.0
2023-12-14,68490000.0
2023-12-14,68490000.0
2023-12-14,68263000.0
2023-12-14,68263000.0
2023-12-14,68263000.0
2023-12-14,68263000.0
2023-12-14,68263000.0
2023-12-14,68263000.0
2023-12-14,68263000.0
2023-12-14,68263000.0
2023-12-14,68263000.0
2023-12-14,68263000.0
2023-12-14,68263000.0
2023-12-14,68066000.0
2023-12-14,68066000.0
2023-12-14,68066000.0
2023-12-14,68066000.0
2023-12-14,68066000.0
2023-12-14,68066000.0
2023-12-14,68066000.0
2023-12-14,68066000.0
2023-12-14,68066000.0
2023-12-14,68066000.0
2023-12-14,68066000.0
2023-12-14,68066000.0
2023-12-14,68066000.0
2023-12-14,68066000.0
2023-12-14,68066000.0
2023-12-15,68066000.0
2023-12-15,68309000.0
2023-12-15,68309000.0
2023-12-15,68309000.0
2023-12-15,68309000.0
2023-12-15,68309000.0
2023-12-15,68309000.0
2023-12-15,68309000.0
2023-12-15,68309000.0
2023-12-15,68309000.0
2023-12-15,68309000.0
2023-12-15,68309000.0
2023-12-15,68309000.0
2023-12-15,68309000.0
2023-12-15,68309000.0
2023-12-15,68309000.0
2023-12-15,68309000.0
2023-12-15,68309000.0
2023-12-15,68309000.0
2023-12-15,68309000.0
2023-12-15,68309000.0
2023-12-15,68309000.0
2023-12-15,68309000.0
2023-12-15,68309000.0
2023-12-15,68309000.0
2023-12-15,68309000.0
2023-12-15,68309000.0
2023-12-15,68309000.0
2023-12-15,68309000.0
2023-12-15,68309000.0
2023-12-15,68309000.0
2023-12-15,68392000.0
2023-12-15,68392000.0
2023-12-15,68392000.0
2023-12-15,68392000.0
2023-12-15,68392000.0
2023-12-15,68392000.0
2023-12-15,68392000.0
2023-12-15,68392000.0
2023-12-15,68392000.0
2023-12-15,68392000.0
2023-12-15,68392000.0
2023-12-15,68392000.0
2023-12-15,68392000.0
2023-12-15,68392000.0
2023-12-15,68392000.0
2023-12-15,68392000.0
2023-12-15,68392000.0
2023-12-15,68392000.0
2023-12-18,68392000.0
2023-12-18,68392000.0
2023-12-18,68392000.0
2023-12-18,68392000.0
2023-12-18,68392000.0
2023-12-18,68392000.0
2023-12-18,68392000.0
2023-12-18,68392000.0
2023-12-18,68392000.0
2023-12-18,68392000.0
2023-12-18,68392000.0
2023-12-18,68392000.0
2023-12-18,68392000.0
2023-12-18,68392000.0
2023-12-18,68392000.0
2023-12-18,68392000.0
2023-12-18,68392000.0
2023-12-18,68392000.0
2023-12-18,68392000.0
2023-12-18,68392000.0
2023-12-18,68392000.0
2023-12-18,68392000.0
2023-12-18,68392000.0
2023-12-18,68392000.0
2023-12-18,68392000.0
2023-12-18,68392000.0
2023-12-18,68392000.0
2023-12-18,68392000.0
2023-12-18,68392000.0
2023-12-18,68392000.0
2023-12-18,68392000.0
2023-12-18,68392000.0
2023-12-18,68392000.0
2023-12-18,68392000.0
2023-12-18,69065000.0
2023-12-18,69065000.0
2023-12-18,69065000.0
2023-12-18,69065000.0
2023-12-18,69065000.0
2023-12-18,69065000.0
2023-12-18,69065000.0
2023-12-18,69065000.0
2023-12-18,69065000.0
2023-12-18,69065000.0
2023-12-18,69065000.0
2023-12-18,69065000.0
2023-12-18,69065000.0
2023-12-18,69065000.0
2023-12-18,69065000.0
2023-12-19,69065000.0
2023-12-19,69065000.0
2023-12-19,69065000.0
2023-12-19,69065000.0
2023-12-19,69065000.0
2023-12-19,69065000.0
2023-12-19,69065000.0
2023-12-19,69065000.0
2023-12-19,69065000.0
2023-12-19,69065000.0
2023-12-19,69065000.0
2023-12-19,69065000.0
2023-12-19,69065000.0
2023-12-19,69065000.0
2023-12-19,69065000.0
2023-12-19,69065000.0
2023-12-19,69065000.0
2023-12-19,69748000.0
2023-12-19,69748000.0
2023-12-19,69748000.0
2023-12-19,69748000.0
2023-12-19,69748000.0
2023-12-19,69748000.0
2023-12-19,69748000.0
2023-12-19,69748000.0
2023-12-19,69748000.0
2023-12-19,69748000.0
2023-12-19,69748000.0
2023-12-19,69748000.0
2023-12-19,69748000.0
2023-12-19,69748000.0
2023-12-19,69748000.0
2023-12-19,69501000.0
2023-12-19,69501000.0
2023-12-19,69501000.0
2023-12-19,69501000.0
2023-12-19,69501000.0
2023-12-19,69501000.0
2023-12-19,69501000.0
2023-12-19,69501000.0
2023-12-19,69501000.0
2023-12-19,69501000.0
2023-12-19,69364000.0
2023-12-19,69364000.0
2023-12-19,69364000.0
2023-12-19,69364000.0
2023-12-19,68657000.0
2023-12-19,68657000.0
2023-12-19,68657000.0
2023-12-20,68657000.0
2023-12-20,68657000.0
2023-12-20,68657000.0
2023-12-20,68657000.0
2023-12-20,68657000.0
2023-12-20,68657000.0
2023-12-20,68657000.0
2023-12-20,68657000.0
2023-12-20,68657000.0
2023-12-20,68657000.0
2023-12-20,68657000.0
2023-12-20,68657000.0
2023-12-20,68657000.0
2023-12-20,68657000.0
2023-12-20,68657000.0
2023-12-20,68657000.0
2023-12-20,68657000.0
2023-12-20,68657000.0
2023-12-20,68657000.0
2023-12-20,68657000.0
2023-12-20,68657000.0
2023-12-20,68657000.0
2023-12-20,68657000.0
2023-12-20,68657000.0
2023-12-20,68657000.0
2023-12-20,68657000.0
2023-12-20,68657000.0
2023-12-20,68657000.0
2023-12-20,68657000.0
2023-12-20,68657000.0
2023-12-20,68657000.0
2023-12-20,68657000.0
2023-12-20,68657000.0
2023-12-20,68657000.0
2023-12-20,68657000.0
2023-12-20,68657000.0
2023-12-20,68657000.0
2023-12-20,68657000.0
2023-12-20,68657000.0
2023-12-20,68657000.0
2023-12-20,68657000.0
2023-12-20,68720000.0
2023-12-20,68720000.0
2023-12-20,68720000.0
2023-12-20,68720000.0
2023-12-20,68720000.0
2023-12-20,68720000.0
2023-12-20,68720000.0
2023-12-21,68720000.0
2023-12-21,68463000.0
2023-12-21,68463000.0
2023-12-21,68463000.0
2023-12-21,68463000.0
2023-12-21,68463000.0
2023-12-21,68463000.0
2023-12-21,68463000.0
2023-12-21,68463000.0
2023-12-21,68463000.0
2023-12-21,68463000.0
2023-12-21,68463000.0
2023-12-21,68463000.0
2023-12-21,68463000.0
2023-12-21,68463000.0
2023-12-21,68463000.0
2023-12-21,68463000.0
2023-12-21,68463000.0
2023-12-21,68463000.0
2023-12-21,68463000.0
2023-12-21,68463000.0
2023-12-21,68463000.0
2023-12-21,68463000.0
2023-12-21,68463000.0
2023-12-21,68463000.0
2023-12-21,68196000.0
2023-12-21,68196000.0
2023-12-21,68196000.0
2023-12-21,68196000.0
2023-12-21,68196000.0
2023-12-21,68196000.0
2023-12-21,68196000.0
2023-12-21,68196000.0
2023-12-21,68196000.0
2023-12-21,68196000.0
2023-12-21,68196000.0
2023-12-21,68196000.0
2023-12-21,68196000.0
2023-12-21,68196000.0
2023-12-21,68196000.0
2023-12-21,68399000.0
2023-12-21,68399000.0
2023-12-21,68399000.0
2023-12-21,68132000.0
2023-12-21,68132000.0
2023-12-21,68132000.0
2023-12-21,68132000.0
2023-12-21,68132000.0
2023-12-21,68132000.0
