Date,Time,Price,Action,Position Type,Trade Price,Total Money,Total Point
2023-01-03,09:50:00,1012.1,Open,LONG,1012.1,40000000.0,
2023-01-04,10:55:00,1047.4,Close,None,1047.4,43483000.0,3483000.0
2023-01-04,13:35:00,1047.0,Open,LONG,1047.0,43483000.0,
2023-01-04,13:40:00,1044.6,Close,None,1044.6,43196000.0,3196000.0
2023-01-04,14:00:00,1041.6,Open,SHORT,1041.6,43196000.0,
2023-01-04,14:05:00,1045.8,Close,None,1045.8,42729000.0,2729000.0
2023-01-05,09:05:00,1047.0,Open,LONG,1047.0,42729000.0,
2023-01-05,10:50:00,1047.8,Close,None,1047.8,42762000.0,2762000.0
2023-01-05,13:10:00,1048.8,Open,LONG,1048.8,42762000.0,
2023-01-06,09:00:00,1051.4,Close,None,1051.4,42975000.0,2975000.0
2023-01-06,09:40:00,1054.4,Open,LONG,1054.4,42975000.0,
2023-01-06,13:20:00,1059.4,Close,None,1059.4,43428000.0,3428000.0
2023-01-06,13:45:00,1056.5,Open,SHORT,1056.5,43428000.0,
2023-01-09,09:00:00,1060.0,Close,None,1060.0,43031000.0,3031000.0
2023-01-09,09:25:00,1059.9,Open,LONG,1059.9,43031000.0,
2023-01-09,09:45:00,1057.6,Close,None,1057.6,42754000.0,2754000.0
2023-01-09,10:30:00,1062.7,Open,LONG,1062.7,42754000.0,
2023-01-09,10:40:00,1059.7,Close,None,1059.7,42407000.0,2407000.0
2023-01-09,13:10:00,1058.0,Open,SHORT,1058.0,42407000.0,
2023-01-10,09:00:00,1055.0,Close,None,1055.0,42660000.0,2660000.0
2023-01-10,10:05:00,1053.0,Open,SHORT,1053.0,42660000.0,
2023-01-10,13:05:00,1052.5,Close,None,1052.5,42663000.0,2663000.0
2023-01-10,13:45:00,1059.2,Open,LONG,1059.2,42663000.0,
2023-01-10,14:00:00,1054.7,Close,None,1054.7,42166000.0,2166000.0
2023-01-10,14:10:00,1059.0,Open,LONG,1059.0,42166000.0,
2023-01-10,14:20:00,1054.3,Close,None,1054.3,41649000.0,1649000.0
2023-01-11,09:00:00,1062.6,Open,LONG,1062.6,41649000.0,
2023-01-11,13:40:00,1065.8,Close,None,1065.8,41922000.0,1922000.0
2023-01-11,14:00:00,1064.9,Open,SHORT,1064.9,41922000.0,
2023-01-12,09:00:00,1065.9,Close,None,1065.9,41775000.0,1775000.0
2023-01-12,09:40:00,1067.1,Open,LONG,1067.1,41775000.0,
2023-01-12,10:05:00,1066.3,Close,None,1066.3,41648000.0,1648000.0
2023-01-12,10:15:00,1064.7,Open,SHORT,1064.7,41648000.0,
2023-01-12,13:50:00,1060.0,Close,None,1060.0,42071000.0,2071000.0
2023-01-13,09:05:00,1071.5,Open,LONG,1071.5,42071000.0,
2023-01-13,11:15:00,1069.8,Close,None,1069.8,41854000.0,1854000.0
2023-01-13,13:20:00,1068.6,Open,SHORT,1068.6,41854000.0,
2023-01-13,13:35:00,1070.6,Close,None,1070.6,41607000.0,1607000.0
2023-01-13,13:50:00,1065.9,Open,SHORT,1065.9,41607000.0,
2023-01-16,09:00:00,1072.7,Close,None,1072.7,40880000.0,880000.0
2023-01-16,09:25:00,1072.3,Open,LONG,1072.3,40880000.0,
2023-01-16,09:50:00,1069.4,Close,None,1069.4,40543000.0,543000.0
2023-01-16,10:20:00,1065.8,Open,SHORT,1065.8,40543000.0,
2023-01-16,10:55:00,1068.2,Close,None,1068.2,40256000.0,256000.0
2023-01-16,13:45:00,1072.2,Open,LONG,1072.2,40256000.0,
2023-01-17,13:50:00,1089.0,Close,None,1089.0,41889000.0,1889000.0000000002
2023-01-17,14:15:00,1098.9,Open,LONG,1098.9,41889000.0,
2023-01-18,13:40:00,1110.4,Close,None,1110.4,42992000.0,2992000.0
2023-01-18,13:45:00,1116.2,Open,LONG,1116.2,42992000.0,
2023-01-18,14:05:00,1114.1,Close,None,1114.1,42735000.0,2735000.0
2023-01-19,09:45:00,1118.4,Open,LONG,1118.4,42735000.0,
2023-01-19,11:00:00,1118.6,Close,None,1118.6,42708000.0,2708000.0
2023-01-19,11:25:00,1116.4,Open,SHORT,1116.4,42708000.0,
2023-01-19,13:30:00,1118.6,Close,None,1118.6,42441000.0,2441000.0
2023-01-19,13:50:00,1119.9,Open,LONG,1119.9,42441000.0,
2023-01-27,09:00:00,1139.4,Close_Future_Expired,None,1139.4,44344000.0,1950000.0
2023-01-27,10:05:00,1138.8,Open,SHORT,1138.8,44344000.0,
2023-01-27,10:45:00,1141.3,Close,None,1141.3,44047000.0,1653000.0
2023-01-27,11:20:00,1141.7,Open,LONG,1141.7,44047000.0,
2023-01-27,13:00:00,1140.7,Close,None,1140.7,43900000.0,1506000.0
2023-01-27,13:45:00,1139.0,Open,SHORT,1139.0,43900000.0,
2023-01-30,13:15:00,1125.3,Close,None,1125.3,45223000.0,2829000.0
2023-01-30,13:35:00,1122.5,Open,SHORT,1122.5,45223000.0,
2023-01-30,13:55:00,1124.8,Close,None,1124.8,44946000.0,2552000.0
2023-01-30,14:00:00,1120.5,Open,SHORT,1120.5,44946000.0,
2023-01-31,13:35:00,1104.4,Close,None,1104.4,46509000.0,4115000.0
2023-01-31,13:50:00,1109.6,Open,LONG,1109.6,46509000.0,
2023-02-01,10:40:00,1116.8,Close,None,1116.8,47182000.0,4788000.0
2023-02-01,10:55:00,1114.3,Open,SHORT,1114.3,47182000.0,
2023-02-01,11:10:00,1116.4,Close,None,1116.4,46925000.0,4531000.0
2023-02-01,11:25:00,1113.5,Open,SHORT,1113.5,46925000.0,
2023-02-01,13:15:00,1116.0,Close,None,1116.0,46628000.0,4234000.0
2023-02-01,13:35:00,1121.7,Open,LONG,1121.7,46628000.0,
2023-02-01,13:50:00,1114.8,Close,None,1114.8,45891000.0,3497000.0
2023-02-01,14:00:00,1104.7,Open,SHORT,1104.7,45891000.0,
2023-02-02,11:10:00,1094.4,Close,None,1094.4,46874000.0,4480000.0
2023-02-02,13:40:00,1088.5,Open,SHORT,1088.5,46874000.0,
2023-02-02,13:45:00,1091.5,Close,None,1091.5,46527000.0,4133000.0
2023-02-03,09:05:00,1089.0,Open,SHORT,1089.0,46527000.0,
2023-02-03,10:30:00,1090.6,Close,None,1090.6,46320000.0,3926000.0
2023-02-03,10:45:00,1088.7,Open,SHORT,1088.7,46320000.0,
2023-02-03,13:00:00,1090.0,Close,None,1090.0,46143000.0,3749000.0
2023-02-03,13:20:00,1087.0,Open,SHORT,1087.0,46143000.0,
2023-02-06,10:50:00,1077.6,Close,None,1077.6,47036000.0,4642000.0
2023-02-06,11:15:00,1081.0,Open,LONG,1081.0,47036000.0,
2023-02-06,13:35:00,1079.1,Close,None,1079.1,46799000.0,4405000.0
2023-02-06,14:15:00,1087.9,Open,LONG,1087.9,46799000.0,
2023-02-07,10:45:00,1087.6,Close,None,1087.6,46722000.0,4328000.0
2023-02-07,11:00:00,1085.5,Open,SHORT,1085.5,46722000.0,
2023-02-08,09:00:00,1071.0,Close,None,1071.0,48125000.0,5731000.0
2023-02-08,10:55:00,1072.5,Open,SHORT,1072.5,48125000.0,
2023-02-08,13:30:00,1071.8,Close,None,1071.8,48148000.0,5754000.0
2023-02-08,14:00:00,1077.7,Open,LONG,1077.7,48148000.0,
2023-02-08,14:20:00,1072.8,Close,None,1072.8,47611000.0,5217000.0
2023-02-09,09:05:00,1067.9,Open,SHORT,1067.9,47611000.0,
2023-02-09,10:15:00,1069.0,Close,None,1069.0,47454000.0,5060000.0
2023-02-09,13:25:00,1069.9,Open,LONG,1069.9,47454000.0,
2023-02-09,13:30:00,1066.9,Close,None,1066.9,47107000.0,4713000.0
2023-02-09,13:45:00,1070.8,Open,LONG,1070.8,47107000.0,
2023-02-09,14:10:00,1068.0,Close,None,1068.0,46780000.0,4386000.0
2023-02-09,14:15:00,1072.2,Open,LONG,1072.2,46780000.0,
2023-02-09,14:20:00,1069.9,Close,None,1069.9,46503000.0,4109000.0
2023-02-10,09:00:00,1056.8,Open,SHORT,1056.8,46503000.0,
2023-02-13,14:15:00,1033.9,Close,None,1033.9,48746000.0,6352000.0
2023-02-14,10:10:00,1037.4,Open,LONG,1037.4,48746000.0,
2023-02-14,10:20:00,1035.3,Close,None,1035.3,48489000.0,6095000.0
2023-02-14,10:40:00,1038.6,Open,LONG,1038.6,48489000.0,
2023-02-14,11:15:00,1035.9,Close,None,1035.9,48172000.0,5778000.0
2023-02-14,13:25:00,1033.0,Open,SHORT,1033.0,48172000.0,
2023-02-14,13:35:00,1035.3,Close,None,1035.3,47895000.0,5501000.0
2023-02-14,13:45:00,1032.8,Open,SHORT,1032.8,47895000.0,
2023-02-15,09:40:00,1032.2,Close,None,1032.2,47908000.0,5514000.0
2023-02-15,09:55:00,1035.3,Open,LONG,1035.3,47908000.0,
2023-02-15,13:25:00,1040.5,Close,None,1040.5,48381000.0,5987000.0
2023-02-15,14:05:00,1035.3,Open,SHORT,1035.3,48381000.0,
2023-02-16,09:00:00,1042.9,Close,None,1042.9,47574000.0,5180000.0
2023-02-16,09:10:00,1044.8,Open,LONG,1044.8,47574000.0,
2023-02-16,13:00:00,1043.8,Close,None,1043.8,47427000.0,5033000.0
2023-02-16,13:35:00,1041.4,Open,SHORT,1041.4,47427000.0,
2023-02-16,13:45:00,1045.0,Close,None,1045.0,47020000.0,4626000.0
2023-02-16,14:00:00,1048.5,Open,LONG,1048.5,47020000.0,
2023-02-17,09:00:00,1051.2,Close_Future_Expired,None,1051.2,47243000.00000001,270000.00000000454
2023-02-17,10:10:00,1047.3,Open,SHORT,1047.3,47243000.00000001,
2023-02-17,13:35:00,1047.5,Close,None,1047.5,47176000.00000001,203000.00000000454
2023-02-17,13:55:00,1043.5,Open,SHORT,1043.5,47176000.00000001,
2023-02-17,14:10:00,1046.8,Close,None,1046.8,46799000.00000001,-173999.9999999954
2023-02-20,09:00:00,1050.8,Open,LONG,1050.8,46799000.00000001,
2023-02-21,11:00:00,1083.8,Close,None,1083.8,50052000.00000001,3079000.0000000047
2023-02-21,13:25:00,1082.7,Open,SHORT,1082.7,50052000.00000001,
2023-02-21,13:30:00,1086.3,Close,None,1086.3,49645000.00000001,2672000.0000000047
2023-02-21,13:40:00,1087.7,Open,LONG,1087.7,49645000.00000001,
2023-02-21,13:55:00,1084.0,Close,None,1084.0,49228000.00000001,2255000.0000000047
2023-02-21,14:00:00,1087.2,Open,LONG,1087.2,49228000.00000001,
2023-02-21,14:05:00,1084.8,Close,None,1084.8,48941000.00000001,1968000.0000000047
2023-02-21,14:25:00,1077.2,Open,SHORT,1077.2,48941000.00000001,
2023-02-22,13:40:00,1066.5,Close,None,1066.5,49964000.00000001,2991000.0000000047
2023-02-23,09:00:00,1045.6,Open,SHORT,1045.6,49964000.00000001,
2023-02-23,14:20:00,1036.5,Close,None,1036.5,50827000.00000001,3854000.0000000047
2023-02-24,09:00:00,1046.2,Open,LONG,1046.2,50827000.00000001,
2023-02-24,09:10:00,1043.4,Close,None,1043.4,50500000.00000001,3527000.0000000047
2023-02-24,09:10:00,1043.4,Open,LONG,1043.4,50500000.00000001,
2023-02-24,09:45:00,1040.5,Close,None,1040.5,50163000.00000001,3190000.0000000047
2023-02-24,10:30:00,1036.3,Open,SHORT,1036.3,50163000.00000001,
2023-02-24,14:20:00,1032.2,Close,None,1032.2,50526000.00000001,3553000.0000000047
2023-02-27,09:00:00,1017.4,Open,SHORT,1017.4,50526000.00000001,
2023-02-27,13:00:00,1007.0,Close,None,1007.0,51519000.00000001,4546000.000000005
2023-02-27,13:55:00,1017.0,Open,LONG,1017.0,51519000.00000001,
2023-02-27,14:15:00,1010.7,Close,None,1010.7,50842000.00000001,3869000.0000000047
2023-02-28,09:05:00,1016.4,Open,LONG,1016.4,50842000.00000001,
2023-02-28,13:00:00,1017.5,Close,None,1017.5,50905000.00000001,3932000.0000000047
2023-02-28,13:35:00,1015.5,Open,SHORT,1015.5,50905000.00000001,
2023-03-01,10:20:00,1006.1,Close,None,1006.1,51798000.00000001,4825000.000000005
2023-03-01,10:40:00,1013.8,Open,LONG,1013.8,51798000.00000001,
2023-03-01,13:50:00,1020.6,Close,None,1020.6,52431000.00000001,5458000.000000005
2023-03-01,14:10:00,1029.5,Open,LONG,1029.5,52431000.00000001,
2023-03-02,10:25:00,1028.7,Close,None,1028.7,52304000.00000001,5331000.000000005
2023-03-02,10:55:00,1024.7,Open,SHORT,1024.7,52304000.00000001,
2023-03-02,11:25:00,1027.9,Close,None,1027.9,51937000.00000001,4964000.000000005
2023-03-02,13:05:00,1032.1,Open,LONG,1032.1,51937000.00000001,
2023-03-02,13:15:00,1029.3,Close,None,1029.3,51610000.00000001,4637000.000000005
2023-03-02,13:55:00,1022.8,Open,SHORT,1022.8,51610000.00000001,
2023-03-02,14:00:00,1028.3,Close,None,1028.3,51013000.00000001,4040000.0000000047
2023-03-02,14:20:00,1029.5,Open,LONG,1029.5,51013000.00000001,
2023-03-02,14:25:00,1024.7,Close,None,1024.7,50486000.00000001,3513000.0000000047
2023-03-02,14:25:00,1024.7,Open,SHORT,1024.7,50486000.00000001,
2023-03-03,09:00:00,1029.8,Close,None,1029.8,49929000.00000001,2956000.0000000047
2023-03-03,09:05:00,1031.3,Open,LONG,1031.3,49929000.00000001,
2023-03-03,09:35:00,1028.2,Close,None,1028.2,49572000.00000001,2599000.0000000047
2023-03-03,10:10:00,1025.1,Open,SHORT,1025.1,49572000.00000001,
2023-03-03,13:55:00,1020.6,Close,None,1020.6,49975000.00000001,3002000.0000000047
2023-03-03,14:20:00,1013.8,Open,SHORT,1013.8,49975000.00000001,
2023-03-06,09:00:00,1016.3,Close,None,1016.3,49678000.00000001,2705000.0000000047
2023-03-06,09:25:00,1026.0,Open,LONG,1026.0,49678000.00000001,
2023-03-06,13:25:00,1027.6,Close,None,1027.6,49791000.00000001,2818000.0000000047
2023-03-06,13:45:00,1025.9,Open,SHORT,1025.9,49791000.00000001,
2023-03-07,09:00:00,1020.4,Close,None,1020.4,50294000.00000001,3321000.0000000047
2023-03-07,10:55:00,1029.9,Open,LONG,1029.9,50294000.00000001,
2023-03-07,11:05:00,1027.2,Close,None,1027.2,49977000.00000001,3004000.0000000047
2023-03-07,14:00:00,1038.0,Open,LONG,1038.0,49977000.00000001,
2023-03-07,14:05:00,1035.3,Close,None,1035.3,49660000.00000001,2687000.0000000047
2023-03-07,14:10:00,1034.1,Open,LONG,1034.1,49660000.00000001,
2023-03-07,14:15:00,1027.7,Close,None,1027.7,48973000.00000001,2000000.0000000047
2023-03-07,14:25:00,1020.0,Open,SHORT,1020.0,48973000.00000001,
2023-03-08,10:20:00,1020.7,Close,None,1020.7,48856000.00000001,1883000.0000000047
2023-03-08,10:55:00,1015.7,Open,SHORT,1015.7,48856000.00000001,
2023-03-08,13:00:00,1019.2,Close,None,1019.2,48459000.00000001,1486000.0000000047
2023-03-08,13:30:00,1023.8,Open,LONG,1023.8,48459000.00000001,
2023-03-09,10:10:00,1036.9,Close,None,1036.9,49722000.00000001,2749000.0000000047
2023-03-09,10:45:00,1039.6,Open,LONG,1039.6,49722000.00000001,
2023-03-10,09:00:00,1042.0,Close,None,1042.0,49915000.00000001,2942000.0000000047
2023-03-10,09:55:00,1040.0,Open,SHORT,1040.0,49915000.00000001,
2023-03-10,10:05:00,1042.2,Close,None,1042.2,49648000.00000001,2675000.0000000047
2023-03-10,10:55:00,1037.3,Open,SHORT,1037.3,49648000.00000001,
2023-03-10,13:00:00,1039.8,Close,None,1039.8,49351000.00000001,2378000.0000000047
2023-03-10,13:55:00,1044.0,Open,LONG,1044.0,49351000.00000001,
2023-03-10,14:05:00,1041.3,Close,None,1041.3,49034000.00000001,2061000.0000000047
2023-03-10,14:15:00,1037.1,Open,SHORT,1037.1,49034000.00000001,
2023-03-10,14:20:00,1041.0,Close,None,1041.0,48597000.00000001,1624000.0000000047
2023-03-13,09:00:00,1045.5,Open,LONG,1045.5,48597000.00000001,
2023-03-13,13:15:00,1049.9,Close,None,1049.9,48990000.00000001,2017000.0000000047
2023-03-13,13:50:00,1051.5,Open,LONG,1051.5,48990000.00000001,
2023-03-13,13:55:00,1046.6,Close,None,1046.6,48453000.00000001,1480000.0000000047
2023-03-14,09:25:00,1045.0,Open,SHORT,1045.0,48453000.00000001,
2023-03-15,09:00:00,1057.0,Close,None,1057.0,47206000.00000001,233000.00000000466
2023-03-15,09:00:00,1057.0,Open,LONG,1057.0,47206000.00000001,
2023-03-15,09:20:00,1054.5,Close,None,1054.5,46909000.00000001,-63999.99999999534
2023-03-15,09:35:00,1054.8,Open,LONG,1054.8,46909000.00000001,
2023-03-15,09:50:00,1052.8,Close,None,1052.8,46662000.00000001,-310999.99999999534
2023-03-15,10:05:00,1054.3,Open,LONG,1054.3,46662000.00000001,
2023-03-16,09:00:00,1058.2,Close,None,1058.2,47005000.00000001,32000.000000004657
2023-03-16,09:20:00,1058.4,Open,SHORT,1058.4,47005000.00000001,
2023-03-16,13:05:00,1054.5,Close,None,1054.5,47348000.00000001,375000.00000000466
2023-03-16,14:15:00,1043.0,Open,SHORT,1043.0,47348000.00000001,
2023-03-17,09:00:00,1055.1,Close_Future_Expired,None,1055.1,46091000.000000015,-1209999.999999991
2023-03-17,09:50:00,1055.2,Open,SHORT,1055.2,46091000.000000015,
2023-03-17,13:05:00,1052.1,Close,None,1052.1,46354000.000000015,-946999.9999999909
2023-03-17,13:25:00,1044.7,Open,SHORT,1044.7,46354000.000000015,
2023-03-17,13:35:00,1047.1,Close,None,1047.1,46067000.000000015,-1233999.999999991
2023-03-17,13:40:00,1046.0,Open,SHORT,1046.0,46067000.000000015,
2023-03-17,13:50:00,1048.9,Close,None,1048.9,45730000.000000015,-1570999.999999991
2023-03-17,14:15:00,1043.3,Open,SHORT,1043.3,45730000.000000015,
2023-03-17,14:30:00,1045.3,Close,None,1045.3,45483000.000000015,-1817999.999999991
2023-03-20,09:00:00,1037.8,Open,SHORT,1037.8,45483000.000000015,
2023-03-21,09:00:00,1029.6,Close,None,1029.6,46256000.000000015,-1044999.9999999909
2023-03-21,09:50:00,1023.4,Open,SHORT,1023.4,46256000.000000015,
2023-03-21,13:05:00,1021.0,Close,None,1021.0,46449000.000000015,-851999.9999999909
2023-03-21,13:45:00,1025.4,Open,LONG,1025.4,46449000.000000015,
2023-03-21,14:00:00,1023.2,Close,None,1023.2,46182000.000000015,-1118999.999999991
2023-03-21,14:10:00,1030.0,Open,LONG,1030.0,46182000.000000015,
2023-03-21,14:15:00,1027.5,Close,None,1027.5,45885000.000000015,-1415999.999999991
2023-03-21,14:20:00,1030.8,Open,LONG,1030.8,45885000.000000015,
2023-03-22,13:50:00,1035.5,Close,None,1035.5,46308000.000000015,-992999.9999999909
2023-03-22,14:15:00,1038.6,Open,LONG,1038.6,46308000.000000015,
2023-03-22,14:20:00,1035.8,Close,None,1035.8,45981000.000000015,-1319999.999999991
2023-03-23,09:00:00,1028.0,Open,SHORT,1028.0,45981000.000000015,
2023-03-23,09:55:00,1030.8,Close,None,1030.8,45654000.000000015,-1646999.999999991
2023-03-23,13:35:00,1035.2,Open,LONG,1035.2,45654000.000000015,
2023-03-24,14:05:00,1049.3,Close,None,1049.3,47017000.000000015,-283999.9999999909
2023-03-27,09:00:00,1044.3,Open,SHORT,1044.3,47017000.000000015,
2023-03-27,10:10:00,1046.2,Close,None,1046.2,46780000.000000015,-520999.9999999909
2023-03-27,10:25:00,1047.8,Open,LONG,1047.8,46780000.000000015,
2023-03-27,11:15:00,1046.7,Close,None,1046.7,46623000.000000015,-677999.9999999909
2023-03-27,13:30:00,1049.8,Open,LONG,1049.8,46623000.000000015,
2023-03-27,13:45:00,1047.8,Close,None,1047.8,46376000.000000015,-924999.9999999909
2023-03-27,13:55:00,1049.8,Open,LONG,1049.8,46376000.000000015,
2023-03-27,14:05:00,1047.9,Close,None,1047.9,46139000.000000015,-1161999.999999991
2023-03-28,09:05:00,1055.0,Open,LONG,1055.0,46139000.000000015,
2023-03-28,13:30:00,1054.8,Close,None,1054.8,46072000.000000015,-1228999.999999991
2023-03-28,14:20:00,1052.6,Open,SHORT,1052.6,46072000.000000015,
2023-03-29,09:55:00,1053.4,Close,None,1053.4,45945000.000000015,-1355999.999999991
2023-03-29,10:30:00,1051.0,Open,SHORT,1051.0,45945000.000000015,
2023-03-29,13:35:00,1052.1,Close,None,1052.1,45788000.000000015,-1512999.999999991
2023-03-29,13:45:00,1052.7,Open,LONG,1052.7,45788000.000000015,
2023-03-29,13:50:00,1051.2,Close,None,1051.2,45591000.000000015,-1709999.999999991
2023-03-29,13:55:00,1050.8,Open,SHORT,1050.8,45591000.000000015,
2023-03-30,09:00:00,1062.1,Close,None,1062.1,44414000.000000015,-2886999.999999991
2023-03-30,09:05:00,1063.2,Open,LONG,1063.2,44414000.000000015,
2023-03-30,13:25:00,1064.0,Close,None,1064.0,44447000.000000015,-2853999.999999991
2023-03-31,09:00:00,1066.1,Open,LONG,1066.1,44447000.000000015,
2023-03-31,13:15:00,1070.2,Close,None,1070.2,44810000.000000015,-2490999.999999991
2023-03-31,13:55:00,1068.9,Open,SHORT,1068.9,44810000.000000015,
2023-03-31,14:00:00,1070.8,Close,None,1070.8,44573000.000000015,-2727999.999999991
2023-03-31,14:05:00,1071.5,Open,LONG,1071.5,44573000.000000015,
2023-03-31,14:10:00,1070.0,Close,None,1070.0,44376000.000000015,-2924999.999999991
2023-03-31,14:15:00,1071.9,Open,LONG,1071.9,44376000.000000015,
2023-03-31,14:25:00,1069.8,Close,None,1069.8,44119000.000000015,-3181999.999999991
2023-04-03,09:00:00,1080.9,Open,LONG,1080.9,44119000.000000015,
2023-04-03,09:05:00,1077.8,Close,None,1077.8,43762000.000000015,-3538999.999999991
2023-04-03,09:05:00,1077.8,Open,LONG,1077.8,43762000.000000015,
2023-04-03,13:25:00,1078.5,Close,None,1078.5,43785000.000000015,-3515999.999999991
2023-04-03,14:05:00,1079.7,Open,LONG,1079.7,43785000.000000015,
2023-04-03,14:15:00,1078.8,Close,None,1078.8,43648000.000000015,-3652999.999999991
2023-04-03,14:25:00,1081.2,Open,LONG,1081.2,43648000.000000015,
2023-04-04,09:40:00,1080.7,Close,None,1080.7,43551000.000000015,-3749999.999999991
2023-04-04,11:00:00,1079.0,Open,SHORT,1079.0,43551000.000000015,
2023-04-04,11:25:00,1080.5,Close,None,1080.5,43354000.000000015,-3946999.999999991
2023-04-04,13:45:00,1080.7,Open,LONG,1080.7,43354000.000000015,
2023-04-05,09:00:00,1078.7,Close,None,1078.7,43107000.000000015,-4193999.999999991
2023-04-05,09:10:00,1078.1,Open,SHORT,1078.1,43107000.000000015,
2023-04-05,10:05:00,1079.9,Close,None,1079.9,42880000.000000015,-4420999.999999991
2023-04-05,10:40:00,1079.1,Open,SHORT,1079.1,42880000.000000015,
2023-04-05,11:05:00,1079.7,Close,None,1079.7,42773000.000000015,-4527999.999999991
2023-04-05,11:15:00,1078.4,Open,SHORT,1078.4,42773000.000000015,
2023-04-05,13:25:00,1079.5,Close,None,1079.5,42616000.000000015,-4684999.999999991
2023-04-05,13:45:00,1080.2,Open,LONG,1080.2,42616000.000000015,
2023-04-05,14:00:00,1079.2,Close,None,1079.2,42469000.000000015,-4831999.999999991
2023-04-05,14:25:00,1081.0,Open,LONG,1081.0,42469000.000000015,
2023-04-06,14:10:00,1084.1,Close,None,1084.1,42732000.000000015,-4568999.999999991
2023-04-06,14:20:00,1081.4,Open,SHORT,1081.4,42732000.000000015,
2023-04-07,13:50:00,1070.6,Close,None,1070.6,43765000.000000015,-3535999.9999999907
2023-04-10,09:05:00,1077.7,Open,LONG,1077.7,43765000.000000015,
2023-04-10,11:25:00,1076.8,Close,None,1076.8,43628000.000000015,-3672999.9999999907
2023-04-10,13:45:00,1074.7,Open,SHORT,1074.7,43628000.000000015,
2023-04-11,13:15:00,1068.5,Close,None,1068.5,44201000.000000015,-3099999.9999999907
2023-04-11,14:00:00,1072.8,Open,LONG,1072.8,44201000.000000015,
2023-04-12,10:15:00,1074.5,Close,None,1074.5,44324000.000000015,-2976999.9999999907
2023-04-12,10:55:00,1074.9,Open,LONG,1074.9,44324000.000000015,
2023-04-12,14:15:00,1073.7,Close,None,1073.7,44157000.000000015,-3143999.9999999907
2023-04-12,14:20:00,1072.0,Open,SHORT,1072.0,44157000.000000015,
2023-04-13,09:00:00,1074.5,Close,None,1074.5,43860000.000000015,-3440999.9999999907
2023-04-13,09:35:00,1073.3,Open,SHORT,1073.3,43860000.000000015,
2023-04-13,10:05:00,1074.2,Close,None,1074.2,43723000.000000015,-3577999.9999999907
2023-04-13,10:35:00,1073.3,Open,SHORT,1073.3,43723000.000000015,
2023-04-13,14:15:00,1073.0,Close,None,1073.0,43706000.000000015,-3594999.9999999907
2023-04-14,10:05:00,1073.2,Open,LONG,1073.2,43706000.000000015,
2023-04-14,10:55:00,1071.5,Close,None,1071.5,43489000.000000015,-3811999.9999999907
2023-04-14,11:00:00,1071.4,Open,SHORT,1071.4,43489000.000000015,
2023-04-14,14:05:00,1070.8,Close,None,1070.8,43502000.000000015,-3798999.9999999907
2023-04-14,14:15:00,1068.0,Open,SHORT,1068.0,43502000.000000015,
2023-04-17,11:25:00,1063.5,Close,None,1063.5,43905000.000000015,-3395999.9999999907
2023-04-17,13:15:00,1063.7,Open,LONG,1063.7,43905000.000000015,
2023-04-17,13:30:00,1062.3,Close,None,1062.3,43718000.000000015,-3582999.9999999907
2023-04-17,13:45:00,1063.5,Open,LONG,1063.5,43718000.000000015,
2023-04-17,13:55:00,1061.7,Close,None,1061.7,43491000.000000015,-3809999.9999999907
2023-04-17,14:00:00,1061.8,Open,SHORT,1061.8,43491000.000000015,
2023-04-17,14:15:00,1063.0,Close,None,1063.0,43324000.000000015,-3976999.9999999907
2023-04-18,09:00:00,1064.4,Open,LONG,1064.4,43324000.000000015,
2023-04-18,09:45:00,1063.1,Close,None,1063.1,43147000.000000015,-4153999.9999999907
2023-04-18,10:15:00,1062.5,Open,SHORT,1062.5,43147000.000000015,
2023-04-18,13:00:00,1062.3,Close,None,1062.3,43120000.000000015,-4180999.9999999907
2023-04-18,13:50:00,1063.0,Open,LONG,1063.0,43120000.000000015,
2023-04-18,14:05:00,1062.0,Close,None,1062.0,42973000.000000015,-4327999.999999991
2023-04-18,14:15:00,1063.6,Open,LONG,1063.6,42973000.000000015,
2023-04-18,14:20:00,1062.0,Close,None,1062.0,42766000.000000015,-4534999.999999991
2023-04-19,09:50:00,1063.3,Open,LONG,1063.3,42766000.000000015,
2023-04-19,10:00:00,1062.7,Close,None,1062.7,42659000.000000015,-4641999.999999991
2023-04-19,10:45:00,1063.1,Open,LONG,1063.1,42659000.000000015,
2023-04-19,11:05:00,1062.4,Close,None,1062.4,42542000.000000015,-4758999.999999991
2023-04-19,11:05:00,1062.4,Open,SHORT,1062.4,42542000.000000015,
2023-04-20,14:15:00,1053.0,Close,None,1053.0,43435000.000000015,-3865999.9999999907
2023-04-21,09:05:00,1046.5,Open,SHORT,1046.5,43435000.000000015,
2023-04-24,11:00:00,1044.4,Close,None,1044.4,43598000.000000015,-3702999.9999999907
2023-04-24,11:05:00,1045.2,Open,LONG,1045.2,43598000.000000015,
2023-04-24,13:35:00,1043.1,Close,None,1043.1,43341000.000000015,-3959999.9999999907
2023-04-24,14:00:00,1044.5,Open,LONG,1044.5,43341000.000000015,
2023-04-24,14:10:00,1042.7,Close,None,1042.7,43114000.000000015,-4186999.9999999907
2023-04-24,14:20:00,1041.5,Open,SHORT,1041.5,43114000.000000015,
2023-04-25,09:15:00,1042.7,Close,None,1042.7,42947000.000000015,-4353999.999999991
2023-04-25,10:00:00,1043.5,Open,LONG,1043.5,42947000.000000015,
2023-04-25,10:20:00,1042.6,Close,None,1042.6,42810000.000000015,-4490999.999999991
2023-04-25,10:40:00,1041.1,Open,SHORT,1041.1,42810000.000000015,
2023-04-26,11:25:00,1031.5,Close,None,1031.5,43723000.000000015,-3577999.9999999907
2023-04-26,13:45:00,1032.5,Open,LONG,1032.5,43723000.000000015,
2023-04-27,10:20:00,1035.2,Close,None,1035.2,43946000.000000015,-3354999.9999999907
2023-04-27,11:15:00,1033.7,Open,SHORT,1033.7,43946000.000000015,
2023-04-27,13:15:00,1035.3,Close,None,1035.3,43739000.000000015,-3561999.9999999907
2023-04-27,13:50:00,1035.7,Open,LONG,1035.7,43739000.000000015,
2023-04-27,14:20:00,1034.6,Close,None,1034.6,43582000.000000015,-3718999.9999999907
2023-04-28,09:10:00,1038.6,Open,LONG,1038.6,43582000.000000015,
2023-04-28,10:55:00,1038.2,Close,None,1038.2,43495000.000000015,-3805999.9999999907
2023-04-28,13:35:00,1039.4,Open,LONG,1039.4,43495000.000000015,
2023-05-04,09:00:00,1040.7,Close,None,1040.7,43578000.000000015,-3722999.9999999907
2023-05-04,09:45:00,1038.1,Open,SHORT,1038.1,43578000.000000015,
2023-05-04,13:15:00,1037.0,Close,None,1037.0,43641000.000000015,-3659999.9999999907
2023-05-04,13:50:00,1035.9,Open,SHORT,1035.9,43641000.000000015,
2023-05-04,13:55:00,1036.8,Close,None,1036.8,43504000.000000015,-3796999.9999999907
2023-05-04,14:10:00,1035.4,Open,SHORT,1035.4,43504000.000000015,
2023-05-05,09:45:00,1034.1,Close,None,1034.1,43587000.000000015,-3713999.9999999907
2023-05-05,10:30:00,1033.0,Open,SHORT,1033.0,43587000.000000015,
2023-05-05,13:20:00,1033.3,Close,None,1033.3,43510000.000000015,-3790999.9999999907
2023-05-05,13:40:00,1034.8,Open,LONG,1034.8,43510000.000000015,
2023-05-05,13:50:00,1032.8,Close,None,1032.8,43263000.000000015,-4037999.9999999907
2023-05-05,14:05:00,1034.6,Open,LONG,1034.6,43263000.000000015,
2023-05-05,14:20:00,1033.5,Close,None,1033.5,43106000.000000015,-4194999.999999991
2023-05-08,09:10:00,1037.4,Open,LONG,1037.4,43106000.000000015,
2023-05-09,10:50:00,1043.3,Close,None,1043.3,43649000.000000015,-3651999.9999999907
2023-05-09,13:05:00,1042.8,Open,SHORT,1042.8,43649000.000000015,
2023-05-09,13:55:00,1043.0,Close,None,1043.0,43582000.000000015,-3718999.9999999907
2023-05-09,14:00:00,1041.9,Open,SHORT,1041.9,43582000.000000015,
2023-05-10,09:00:00,1043.1,Close,None,1043.1,43415000.000000015,-3885999.9999999907
2023-05-10,09:20:00,1043.7,Open,LONG,1043.7,43415000.000000015,
2023-05-11,11:00:00,1051.5,Close,None,1051.5,44148000.000000015,-3152999.9999999907
2023-05-11,11:10:00,1052.5,Open,LONG,1052.5,44148000.000000015,
2023-05-11,14:10:00,1052.4,Close,None,1052.4,44091000.000000015,-3209999.9999999907
2023-05-11,14:25:00,1050.9,Open,SHORT,1050.9,44091000.000000015,
2023-05-12,10:15:00,1051.8,Close,None,1051.8,43954000.000000015,-3346999.9999999907
2023-05-12,10:25:00,1052.9,Open,LONG,1052.9,43954000.000000015,
2023-05-12,13:35:00,1052.4,Close,None,1052.4,43857000.000000015,-3443999.9999999907
2023-05-12,14:05:00,1053.4,Open,LONG,1053.4,43857000.000000015,
2023-05-15,10:35:00,1069.7,Close,None,1069.7,45440000.000000015,-1860999.9999999907
2023-05-15,14:25:00,1066.3,Open,SHORT,1066.3,45440000.000000015,
2023-05-16,10:45:00,1067.3,Close,None,1067.3,45293000.000000015,-2007999.9999999907
2023-05-16,11:00:00,1067.9,Open,LONG,1067.9,45293000.000000015,
2023-05-16,13:40:00,1067.5,Close,None,1067.5,45206000.000000015,-2094999.9999999907
2023-05-16,14:05:00,1066.5,Open,SHORT,1066.5,45206000.000000015,
2023-05-17,09:10:00,1067.2,Close,None,1067.2,45089000.000000015,-2211999.9999999907
2023-05-17,09:30:00,1066.4,Open,SHORT,1066.4,45089000.000000015,
2023-05-17,09:40:00,1067.1,Close,None,1067.1,44972000.000000015,-2328999.9999999907
2023-05-17,09:55:00,1067.9,Open,LONG,1067.9,44972000.000000015,
2023-05-17,10:20:00,1067.2,Close,None,1067.2,44855000.000000015,-2445999.9999999907
2023-05-17,10:45:00,1071.8,Open,LONG,1071.8,44855000.000000015,
2023-05-17,13:55:00,1070.1,Close,None,1070.1,44638000.000000015,-2662999.9999999907
2023-05-17,14:05:00,1068.2,Open,SHORT,1068.2,44638000.000000015,
2023-05-18,10:30:00,1069.5,Close,None,1069.5,44461000.000000015,-2839999.9999999907
2023-05-18,10:45:00,1069.2,Open,LONG,1069.2,44461000.000000015,
2023-05-18,13:35:00,1069.7,Close,None,1069.7,44464000.000000015,-2836999.9999999907
2023-05-18,13:45:00,1072.9,Open,LONG,1072.9,44464000.000000015,
2023-05-19,09:00:00,1063.4,Close_Future_Expired,None,1063.4,43467000.000000015,-950000.0
2023-05-19,11:05:00,1057.7,Open,SHORT,1057.7,43467000.000000015,
2023-05-19,13:15:00,1059.1,Close,None,1059.1,43280000.000000015,-1137000.0
2023-05-19,13:45:00,1057.5,Open,SHORT,1057.5,43280000.000000015,
2023-05-19,14:20:00,1058.2,Close,None,1058.2,43163000.000000015,-1254000.0
2023-05-22,09:00:00,1062.7,Open,LONG,1062.7,43163000.000000015,
2023-05-22,11:20:00,1062.1,Close,None,1062.1,43056000.000000015,-1361000.0
2023-05-22,13:40:00,1063.2,Open,LONG,1063.2,43056000.000000015,
2023-05-22,13:45:00,1062.4,Close,None,1062.4,42929000.000000015,-1488000.0
2023-05-22,13:50:00,1063.4,Open,LONG,1063.4,42929000.000000015,
2023-05-23,10:40:00,1067.4,Close,None,1067.4,43282000.000000015,-1135000.0
2023-05-23,11:10:00,1066.2,Open,SHORT,1066.2,43282000.000000015,
2023-05-24,09:00:00,1062.2,Close,None,1062.2,43635000.000000015,-782000.0
2023-05-24,09:25:00,1059.8,Open,SHORT,1059.8,43635000.000000015,
2023-05-24,11:00:00,1061.1,Close,None,1061.1,43458000.000000015,-959000.0
2023-05-24,11:25:00,1059.3,Open,SHORT,1059.3,43458000.000000015,
2023-05-24,13:30:00,1061.4,Close,None,1061.4,43201000.000000015,-1216000.0
2023-05-24,14:05:00,1057.7,Open,SHORT,1057.7,43201000.000000015,
2023-05-25,10:05:00,1056.6,Close,None,1056.6,43264000.000000015,-1153000.0
2023-05-25,10:45:00,1055.4,Open,SHORT,1055.4,43264000.000000015,
2023-05-25,13:25:00,1056.4,Close,None,1056.4,43117000.000000015,-1300000.0
2023-05-25,13:50:00,1056.8,Open,LONG,1056.8,43117000.000000015,
2023-05-26,09:30:00,1056.6,Close,None,1056.6,43050000.000000015,-1367000.0
2023-05-26,10:20:00,1055.4,Open,SHORT,1055.4,43050000.000000015,
2023-05-26,11:25:00,1056.6,Close,None,1056.6,42883000.000000015,-1534000.0
2023-05-26,13:25:00,1056.9,Open,LONG,1056.9,42883000.000000015,
2023-05-26,13:45:00,1056.1,Close,None,1056.1,42756000.000000015,-1661000.0
2023-05-26,14:00:00,1057.1,Open,LONG,1057.1,42756000.000000015,
2023-05-26,14:30:00,1056.5,Close,None,1056.5,42649000.000000015,-1768000.0
2023-05-29,09:00:00,1059.7,Open,LONG,1059.7,42649000.000000015,
2023-05-29,13:20:00,1061.8,Close,None,1061.8,42812000.000000015,-1605000.0
2023-05-29,13:35:00,1063.2,Open,LONG,1063.2,42812000.000000015,
2023-05-30,10:25:00,1066.7,Close,None,1066.7,43115000.000000015,-1302000.0
2023-05-30,11:00:00,1065.5,Open,SHORT,1065.5,43115000.000000015,
2023-05-30,11:25:00,1066.6,Close,None,1066.6,42958000.000000015,-1459000.0
2023-05-30,13:15:00,1068.3,Open,LONG,1068.3,42958000.000000015,
2023-05-30,13:45:00,1066.9,Close,None,1066.9,42771000.000000015,-1646000.0
2023-05-30,14:00:00,1065.0,Open,SHORT,1065.0,42771000.000000015,
2023-05-30,14:20:00,1066.7,Close,None,1066.7,42554000.000000015,-1863000.0
2023-05-31,09:05:00,1067.8,Open,LONG,1067.8,42554000.000000015,
2023-05-31,09:25:00,1066.8,Close,None,1066.8,42407000.000000015,-2010000.0
2023-05-31,09:40:00,1066.1,Open,SHORT,1066.1,42407000.000000015,
2023-05-31,13:30:00,1066.0,Close,None,1066.0,42370000.000000015,-2047000.0
2023-05-31,13:40:00,1065.1,Open,SHORT,1065.1,42370000.000000015,
2023-06-01,13:55:00,1059.0,Close,None,1059.0,42933000.000000015,-1484000.0
2023-06-02,09:00:00,1069.0,Open,LONG,1069.0,42933000.000000015,
2023-06-02,13:25:00,1078.3,Close,None,1078.3,43816000.000000015,-601000.0
2023-06-02,14:10:00,1082.4,Open,LONG,1082.4,43816000.000000015,
2023-06-05,11:15:00,1086.6,Close,None,1086.6,44189000.000000015,-227999.99999999994
2023-06-05,13:45:00,1088.0,Open,LONG,1088.0,44189000.000000015,
2023-06-05,13:55:00,1086.1,Close,None,1086.1,43952000.000000015,-464999.99999999994
2023-06-05,14:10:00,1086.2,Open,SHORT,1086.2,43952000.000000015,
2023-06-05,14:15:00,1087.2,Close,None,1087.2,43805000.000000015,-612000.0
2023-06-05,14:20:00,1085.0,Open,SHORT,1085.0,43805000.000000015,
2023-06-06,10:00:00,1086.0,Close,None,1086.0,43658000.000000015,-759000.0
2023-06-06,11:00:00,1087.1,Open,LONG,1087.1,43658000.000000015,
2023-06-07,10:20:00,1095.6,Close,None,1095.6,44461000.000000015,43999.99999999988
2023-06-07,13:10:00,1096.4,Open,LONG,1096.4,44461000.000000015,
2023-06-07,13:25:00,1094.2,Close,None,1094.2,44194000.000000015,-223000.00000000012
2023-06-07,13:35:00,1094.5,Open,SHORT,1094.5,44194000.000000015,
2023-06-07,13:45:00,1095.7,Close,None,1095.7,44027000.000000015,-390000.0000000001
2023-06-07,14:20:00,1098.5,Open,LONG,1098.5,44027000.000000015,
2023-06-08,10:15:00,1096.6,Close,None,1096.6,43790000.000000015,-627000.0000000001
2023-06-08,11:15:00,1096.4,Open,SHORT,1096.4,43790000.000000015,
2023-06-09,10:25:00,1091.3,Close,None,1091.3,44253000.000000015,-164000.00000000012
2023-06-09,13:10:00,1091.8,Open,LONG,1091.8,44253000.000000015,
2023-06-09,13:15:00,1091.2,Close,None,1091.2,44146000.000000015,-271000.0000000001
2023-06-09,13:20:00,1090.7,Open,SHORT,1090.7,44146000.000000015,
2023-06-09,13:45:00,1092.2,Close,None,1092.2,43949000.000000015,-468000.0000000001
2023-06-09,13:55:00,1089.9,Open,SHORT,1089.9,43949000.000000015,
2023-06-09,14:20:00,1091.0,Close,None,1091.0,43792000.000000015,-625000.0000000001
2023-06-12,09:00:00,1096.8,Open,LONG,1096.8,43792000.000000015,
2023-06-12,10:50:00,1094.4,Close,None,1094.4,43505000.000000015,-912000.0000000001
2023-06-12,11:15:00,1092.6,Open,SHORT,1092.6,43505000.000000015,
2023-06-12,13:35:00,1093.7,Close,None,1093.7,43348000.000000015,-1069000.0
2023-06-12,14:00:00,1095.2,Open,LONG,1095.2,43348000.000000015,
2023-06-13,13:20:00,1108.4,Close,None,1108.4,44621000.000000015,203999.99999999977
2023-06-13,13:40:00,1111.9,Open,LONG,1111.9,44621000.000000015,
2023-06-13,13:55:00,1108.8,Close,None,1108.8,44264000.000000015,-153000.00000000023
2023-06-13,14:20:00,1114.5,Open,LONG,1114.5,44264000.000000015,
2023-06-14,11:15:00,1115.7,Close,None,1115.7,44337000.000000015,-80000.00000000023
2023-06-14,13:05:00,1118.2,Open,LONG,1118.2,44337000.000000015,
2023-06-14,14:25:00,1116.8,Close,None,1116.8,44150000.000000015,-267000.00000000023
2023-06-15,09:15:00,1111.7,Open,SHORT,1111.7,44150000.000000015,
2023-06-15,10:35:00,1113.7,Close,None,1113.7,43903000.000000015,-514000.00000000023
2023-06-15,11:10:00,1112.9,Open,SHORT,1112.9,43903000.000000015,
2023-06-15,13:15:00,1113.4,Close,None,1113.4,43806000.000000015,-611000.0000000002
2023-06-15,13:25:00,1116.0,Open,LONG,1116.0,43806000.000000015,
2023-06-15,13:55:00,1114.0,Close,None,1114.0,43559000.000000015,-858000.0000000002
2023-06-15,14:15:00,1110.4,Open,SHORT,1110.4,43559000.000000015,
2023-06-16,09:00:00,1106.8,Close_Future_Expired,None,1106.8,43872000.00000003,360000.0000000136
2023-06-16,10:00:00,1111.9,Open,LONG,1111.9,43872000.00000003,
2023-06-16,13:55:00,1116.1,Close,None,1116.1,44245000.00000003,733000.0000000137
2023-06-16,14:10:00,1110.3,Open,SHORT,1110.3,44245000.00000003,
2023-06-19,13:20:00,1101.4,Close,None,1101.4,45088000.00000003,1576000.0000000137
2023-06-19,13:40:00,1098.1,Open,SHORT,1098.1,45088000.00000003,
2023-06-19,14:05:00,1101.7,Close,None,1101.7,44681000.00000003,1169000.0000000137
2023-06-19,14:15:00,1098.1,Open,SHORT,1098.1,44681000.00000003,
2023-06-20,14:00:00,1095.4,Close,None,1095.4,44904000.00000003,1392000.0000000137
2023-06-21,09:00:00,1099.9,Open,LONG,1099.9,44904000.00000003,
2023-06-21,11:15:00,1098.5,Close,None,1098.5,44717000.00000003,1205000.0000000137
2023-06-21,11:25:00,1097.5,Open,SHORT,1097.5,44717000.00000003,
2023-06-21,13:35:00,1100.5,Close,None,1100.5,44370000.00000003,858000.0000000137
2023-06-21,13:45:00,1100.2,Open,LONG,1100.2,44370000.00000003,
2023-06-22,13:30:00,1113.3,Close,None,1113.3,45633000.00000003,2121000.000000014
2023-06-22,14:20:00,1119.5,Open,LONG,1119.5,45633000.00000003,
2023-06-22,14:25:00,1112.1,Close,None,1112.1,44846000.00000003,1334000.000000014
2023-06-23,09:30:00,1115.9,Open,LONG,1115.9,44846000.00000003,
2023-06-23,11:10:00,1117.2,Close,None,1117.2,44929000.00000003,1417000.000000014
2023-06-23,13:05:00,1115.0,Open,SHORT,1115.0,44929000.00000003,
2023-06-23,13:50:00,1117.5,Close,None,1117.5,44632000.00000003,1120000.000000014
2023-06-23,14:20:00,1118.3,Open,LONG,1118.3,44632000.00000003,
2023-06-26,09:35:00,1118.2,Close,None,1118.2,44575000.00000003,1063000.000000014
2023-06-26,09:55:00,1114.6,Open,SHORT,1114.6,44575000.00000003,
2023-06-26,13:15:00,1115.4,Close,None,1115.4,44448000.00000003,936000.000000014
2023-06-26,14:25:00,1121.0,Open,LONG,1121.0,44448000.00000003,
2023-06-27,13:50:00,1123.2,Close,None,1123.2,44621000.00000003,1109000.000000014
2023-06-27,14:05:00,1122.0,Open,SHORT,1122.0,44621000.00000003,
2023-06-27,14:10:00,1124.1,Close,None,1124.1,44364000.00000003,852000.000000014
2023-06-27,14:15:00,1124.5,Open,LONG,1124.5,44364000.00000003,
2023-06-28,13:00:00,1127.5,Close,None,1127.5,44617000.00000003,1105000.000000014
2023-06-28,14:05:00,1128.9,Open,LONG,1128.9,44617000.00000003,
2023-06-29,09:00:00,1132.1,Close,None,1132.1,44890000.00000003,1378000.000000014
2023-06-29,09:00:00,1132.1,Open,LONG,1132.1,44890000.00000003,
2023-06-29,09:25:00,1129.7,Close,None,1129.7,44603000.00000003,1091000.000000014
2023-06-29,09:55:00,1126.2,Open,SHORT,1126.2,44603000.00000003,
2023-06-29,14:10:00,1126.5,Close,None,1126.5,44526000.00000003,1014000.000000014
2023-06-29,14:20:00,1120.0,Open,SHORT,1120.0,44526000.00000003,
2023-06-30,13:10:00,1118.3,Close,None,1118.3,44649000.00000003,1137000.000000014
2023-06-30,13:35:00,1118.4,Open,LONG,1118.4,44649000.00000003,
2023-06-30,14:05:00,1117.7,Close,None,1117.7,44532000.00000003,1020000.000000014
2023-06-30,14:25:00,1118.7,Open,LONG,1118.7,44532000.00000003,
2023-07-03,10:05:00,1119.0,Close,None,1119.0,44515000.00000003,1003000.000000014
2023-07-03,10:20:00,1117.7,Open,SHORT,1117.7,44515000.00000003,
2023-07-03,13:05:00,1118.1,Close,None,1118.1,44428000.00000003,916000.000000014
2023-07-03,13:55:00,1119.2,Open,LONG,1119.2,44428000.00000003,
2023-07-03,14:10:00,1118.1,Close,None,1118.1,44271000.00000003,759000.000000014
2023-07-03,14:25:00,1117.2,Open,SHORT,1117.2,44271000.00000003,
2023-07-04,10:00:00,1117.3,Close,None,1117.3,44214000.00000003,702000.000000014
2023-07-04,10:20:00,1117.7,Open,LONG,1117.7,44214000.00000003,
2023-07-05,09:00:00,1123.3,Close,None,1123.3,44727000.00000003,1215000.000000014
2023-07-05,09:40:00,1124.5,Open,LONG,1124.5,44727000.00000003,
2023-07-05,14:20:00,1126.0,Close,None,1126.0,44830000.00000003,1318000.000000014
2023-07-06,09:05:00,1122.5,Open,SHORT,1122.5,44830000.00000003,
2023-07-06,13:40:00,1117.0,Close,None,1117.0,45333000.00000003,1821000.000000014
2023-07-06,13:50:00,1115.7,Open,SHORT,1115.7,45333000.00000003,
2023-07-07,11:00:00,1116.1,Close,None,1116.1,45246000.00000003,1734000.000000014
2023-07-07,13:15:00,1117.0,Open,LONG,1117.0,45246000.00000003,
2023-07-11,14:05:00,1137.6,Close,None,1137.6,47259000.00000003,3747000.000000014
2023-07-11,14:10:00,1137.9,Open,SHORT,1137.9,47259000.00000003,
2023-07-12,09:00:00,1141.0,Close,None,1141.0,46902000.00000003,3390000.000000014
2023-07-12,09:25:00,1139.6,Open,SHORT,1139.6,46902000.00000003,
2023-07-12,09:40:00,1140.8,Close,None,1140.8,46735000.00000003,3223000.000000014
2023-07-12,09:50:00,1141.8,Open,LONG,1141.8,46735000.00000003,
2023-07-12,10:45:00,1140.6,Close,None,1140.6,46568000.00000003,3056000.000000014
2023-07-12,11:00:00,1140.5,Open,SHORT,1140.5,46568000.00000003,
2023-07-12,13:45:00,1140.0,Close,None,1140.0,46571000.00000003,3059000.000000014
2023-07-12,14:15:00,1138.5,Open,SHORT,1138.5,46571000.00000003,
2023-07-12,14:30:00,1139.8,Close,None,1139.8,46394000.00000003,2882000.000000014
2023-07-13,09:00:00,1147.6,Open,LONG,1147.6,46394000.00000003,
2023-07-13,11:10:00,1148.7,Close,None,1148.7,46457000.00000003,2945000.000000014
2023-07-13,14:00:00,1150.8,Open,LONG,1150.8,46457000.00000003,
2023-07-14,10:15:00,1154.7,Close,None,1154.7,46800000.00000003,3288000.000000014
2023-07-14,13:15:00,1152.8,Open,SHORT,1152.8,46800000.00000003,
2023-07-14,14:20:00,1150.3,Close,None,1150.3,47003000.00000003,3491000.000000014
2023-07-17,09:20:00,1162.0,Open,LONG,1162.0,47003000.00000003,
2023-07-17,13:55:00,1162.5,Close,None,1162.5,47006000.00000003,3494000.000000014
2023-07-18,09:35:00,1159.6,Open,SHORT,1159.6,47006000.00000003,
2023-07-18,09:55:00,1161.8,Close,None,1161.8,46739000.00000003,3227000.000000014
2023-07-18,11:10:00,1162.8,Open,LONG,1162.8,46739000.00000003,
2023-07-18,11:20:00,1161.7,Close,None,1161.7,46582000.00000003,3070000.000000014
2023-07-18,13:30:00,1163.4,Open,LONG,1163.4,46582000.00000003,
2023-07-18,13:50:00,1161.2,Close,None,1161.2,46315000.00000003,2803000.000000014
2023-07-18,14:15:00,1163.7,Open,LONG,1163.7,46315000.00000003,
2023-07-19,11:05:00,1166.9,Close,None,1166.9,46588000.00000003,3076000.000000014
2023-07-19,13:25:00,1167.8,Open,LONG,1167.8,46588000.00000003,
2023-07-19,14:00:00,1167.2,Close,None,1167.2,46481000.00000003,2969000.000000014
2023-07-20,09:15:00,1164.0,Open,SHORT,1164.0,46481000.00000003,
2023-07-20,13:50:00,1163.2,Close,None,1163.2,46514000.00000003,3002000.000000014
2023-07-20,14:10:00,1160.1,Open,SHORT,1160.1,46514000.00000003,
2023-07-20,14:15:00,1164.0,Close,None,1164.0,46077000.00000003,2565000.000000014
2023-07-20,14:25:00,1164.2,Open,LONG,1164.2,46077000.00000003,
2023-07-21,09:00:00,1164.2,Close_Future_Expired,None,1164.2,46030000.00000003,0.0
2023-07-21,09:55:00,1164.2,Open,LONG,1164.2,46030000.00000003,
2023-07-24,13:30:00,1183.5,Close,None,1183.5,47913000.00000003,1883000.0000000002
2023-07-24,14:00:00,1187.0,Open,LONG,1187.0,47913000.00000003,
2023-07-25,14:10:00,1193.1,Close,None,1193.1,48476000.00000003,2446000.0
2023-07-26,09:10:00,1193.0,Open,SHORT,1193.0,48476000.00000003,
2023-07-26,09:20:00,1194.4,Close,None,1194.4,48289000.00000003,2259000.0
2023-07-26,09:55:00,1193.0,Open,SHORT,1193.0,48289000.00000003,
2023-07-26,10:05:00,1194.0,Close,None,1194.0,48142000.00000003,2112000.0
2023-07-26,11:00:00,1192.8,Open,SHORT,1192.8,48142000.00000003,
2023-07-26,11:10:00,1194.0,Close,None,1194.0,47975000.00000003,1945000.0
2023-07-26,13:45:00,1195.2,Open,LONG,1195.2,47975000.00000003,
2023-07-26,14:05:00,1193.9,Close,None,1193.9,47798000.00000003,1768000.0
2023-07-27,09:00:00,1198.4,Open,LONG,1198.4,47798000.00000003,
2023-07-27,10:40:00,1196.5,Close,None,1196.5,47561000.00000003,1531000.0
2023-07-27,11:05:00,1195.9,Open,SHORT,1195.9,47561000.00000003,
2023-07-27,13:20:00,1193.2,Close,None,1193.2,47784000.00000003,1754000.0
2023-07-28,09:05:00,1191.9,Open,SHORT,1191.9,47784000.00000003,
2023-07-28,10:00:00,1194.0,Close,None,1194.0,47527000.00000003,1497000.0
2023-07-28,10:20:00,1195.3,Open,LONG,1195.3,47527000.00000003,
2023-07-28,13:50:00,1198.5,Close,None,1198.5,47800000.00000003,1770000.0
2023-07-28,14:10:00,1203.8,Open,LONG,1203.8,47800000.00000003,
2023-07-31,10:55:00,1214.8,Close,None,1214.8,48853000.00000003,2823000.0
2023-07-31,13:20:00,1216.8,Open,LONG,1216.8,48853000.00000003,
2023-08-01,13:20:00,1236.2,Close,None,1236.2,50746000.00000003,4716000.0
2023-08-01,14:05:00,1238.6,Open,LONG,1238.6,50746000.00000003,
2023-08-01,14:15:00,1236.1,Close,None,1236.1,50449000.00000003,4419000.0
2023-08-01,14:20:00,1227.0,Open,SHORT,1227.0,50449000.00000003,
2023-08-02,13:15:00,1223.3,Close,None,1223.3,50772000.00000003,4742000.0
2023-08-02,13:50:00,1224.3,Open,LONG,1224.3,50772000.00000003,
2023-08-02,14:20:00,1222.0,Close,None,1222.0,50495000.00000003,4465000.0
2023-08-03,09:20:00,1218.2,Open,SHORT,1218.2,50495000.00000003,
2023-08-03,09:40:00,1220.2,Close,None,1220.2,50248000.00000003,4218000.0
2023-08-03,10:55:00,1222.8,Open,LONG,1222.8,50248000.00000003,
2023-08-03,11:15:00,1221.1,Close,None,1221.1,50031000.00000003,4001000.0
2023-08-03,11:20:00,1218.7,Open,SHORT,1218.7,50031000.00000003,
2023-08-04,09:00:00,1213.3,Close,None,1213.3,50524000.00000003,4494000.0
2023-08-04,10:05:00,1217.5,Open,LONG,1217.5,50524000.00000003,
2023-08-07,13:20:00,1240.4,Close,None,1240.4,52767000.00000003,6737000.0
2023-08-07,14:05:00,1238.5,Open,SHORT,1238.5,52767000.00000003,
2023-08-07,14:10:00,1240.2,Close,None,1240.2,52550000.00000003,6520000.0
2023-08-07,14:25:00,1246.8,Open,LONG,1246.8,52550000.00000003,
2023-08-08,10:25:00,1247.4,Close,None,1247.4,52563000.00000003,6533000.0
2023-08-08,11:25:00,1251.1,Open,LONG,1251.1,52563000.00000003,
2023-08-08,13:05:00,1247.8,Close,None,1247.8,52186000.00000003,6156000.0
2023-08-08,13:45:00,1244.8,Open,SHORT,1244.8,52186000.00000003,
2023-08-08,14:00:00,1247.3,Close,None,1247.3,51889000.00000003,5859000.0
2023-08-08,14:15:00,1245.0,Open,SHORT,1245.0,51889000.00000003,
2023-08-09,09:00:00,1248.7,Close,None,1248.7,51472000.00000003,5442000.0
2023-08-09,09:40:00,1244.2,Open,SHORT,1244.2,51472000.00000003,
2023-08-10,09:05:00,1240.4,Close,None,1240.4,51805000.00000003,5775000.0
2023-08-10,10:05:00,1237.4,Open,SHORT,1237.4,51805000.00000003,
2023-08-10,13:10:00,1237.8,Close,None,1237.8,51718000.00000003,5688000.0
2023-08-10,13:30:00,1234.3,Open,SHORT,1234.3,51718000.00000003,
2023-08-11,09:00:00,1231.1,Close,None,1231.1,51991000.00000003,5961000.0
2023-08-11,10:25:00,1231.0,Open,SHORT,1231.0,51991000.00000003,
2023-08-11,13:50:00,1228.1,Close,None,1228.1,52234000.00000003,6204000.0
2023-08-11,14:05:00,1233.4,Open,LONG,1233.4,52234000.00000003,
2023-08-14,13:55:00,1238.6,Close,None,1238.6,52707000.00000003,6677000.0
2023-08-15,09:45:00,1239.3,Open,SHORT,1239.3,52707000.00000003,
2023-08-15,13:15:00,1238.5,Close,None,1238.5,52740000.00000003,6710000.0
2023-08-15,13:55:00,1239.9,Open,LONG,1239.9,52740000.00000003,
2023-08-15,14:00:00,1238.3,Close,None,1238.3,52533000.00000003,6503000.0
2023-08-15,14:20:00,1239.7,Open,LONG,1239.7,52533000.00000003,
2023-08-16,13:40:00,1249.8,Close,None,1249.8,53496000.00000003,7466000.0
2023-08-16,14:15:00,1257.2,Open,LONG,1257.2,53496000.00000003,
2023-08-17,09:00:00,1254.4,Close,None,1254.4,53169000.00000003,7139000.0
2023-08-17,09:45:00,1256.5,Open,LONG,1256.5,53169000.00000003,
2023-08-17,11:00:00,1254.8,Close,None,1254.8,52952000.00000003,6922000.0
2023-08-17,11:10:00,1256.7,Open,LONG,1256.7,52952000.00000003,
2023-08-17,14:05:00,1255.8,Close,None,1255.8,52815000.00000003,6785000.0
2023-08-17,14:25:00,1253.9,Open,SHORT,1253.9,52815000.00000003,
2023-08-18,09:00:00,1239.3,Close_Future_Expired,None,1239.3,54228000.000000045,1460000.0000000137
2023-08-18,10:00:00,1231.7,Open,SHORT,1231.7,54228000.000000045,
2023-08-21,10:50:00,1193.4,Close,None,1193.4,58011000.000000045,5243000.000000014
2023-08-21,13:15:00,1189.2,Open,SHORT,1189.2,58011000.000000045,
2023-08-21,13:25:00,1191.7,Close,None,1191.7,57714000.000000045,4946000.000000014
2023-08-21,14:20:00,1200.2,Open,LONG,1200.2,57714000.000000045,
2023-08-21,14:25:00,1193.2,Close,None,1193.2,56967000.000000045,4199000.000000014
2023-08-22,09:30:00,1189.5,Open,SHORT,1189.5,56967000.000000045,
2023-08-22,10:25:00,1182.6,Close,None,1182.6,57610000.000000045,4842000.000000014
2023-08-22,10:55:00,1179.1,Open,SHORT,1179.1,57610000.000000045,
2023-08-22,13:05:00,1168.1,Close,None,1168.1,58663000.000000045,5895000.000000014
2023-08-22,14:00:00,1191.3,Open,LONG,1191.3,58663000.000000045,
2023-08-22,14:05:00,1188.7,Close,None,1188.7,58356000.000000045,5588000.000000014
2023-08-22,14:10:00,1191.5,Open,LONG,1191.5,58356000.000000045,
2023-08-22,14:15:00,1186.1,Close,None,1186.1,57769000.000000045,5001000.000000014
2023-08-22,14:25:00,1194.8,Open,LONG,1194.8,57769000.000000045,
2023-08-23,10:10:00,1192.4,Close,None,1192.4,57482000.000000045,4714000.000000014
2023-08-23,10:55:00,1189.2,Open,SHORT,1189.2,57482000.000000045,
2023-08-23,13:10:00,1192.8,Close,None,1192.8,57075000.000000045,4307000.000000014
2023-08-23,13:35:00,1188.8,Open,SHORT,1188.8,57075000.000000045,
2023-08-23,13:40:00,1192.8,Close,None,1192.8,56628000.000000045,3860000.000000014
2023-08-23,13:55:00,1182.0,Open,SHORT,1182.0,56628000.000000045,
2023-08-23,14:05:00,1187.6,Close,None,1187.6,56021000.000000045,3253000.000000014
2023-08-23,14:25:00,1181.9,Open,SHORT,1181.9,56021000.000000045,
2023-08-24,09:00:00,1184.6,Close,None,1184.6,55704000.000000045,2936000.000000014
2023-08-24,09:25:00,1181.2,Open,SHORT,1181.2,55704000.000000045,
2023-08-24,09:35:00,1185.0,Close,None,1185.0,55277000.000000045,2509000.000000014
2023-08-24,10:25:00,1189.5,Open,LONG,1189.5,55277000.000000045,
2023-08-24,11:15:00,1188.4,Close,None,1188.4,55120000.000000045,2352000.000000014
2023-08-24,13:10:00,1195.4,Open,LONG,1195.4,55120000.000000045,
2023-08-24,13:15:00,1193.0,Close,None,1193.0,54833000.000000045,2065000.000000014
2023-08-24,13:35:00,1198.0,Open,LONG,1198.0,54833000.000000045,
2023-08-25,09:00:00,1195.1,Close,None,1195.1,54496000.000000045,1728000.000000014
2023-08-25,10:30:00,1190.8,Open,SHORT,1190.8,54496000.000000045,
2023-08-25,11:00:00,1193.4,Close,None,1193.4,54189000.000000045,1421000.000000014
2023-08-25,11:10:00,1191.0,Open,SHORT,1191.0,54189000.000000045,
2023-08-25,13:00:00,1194.2,Close,None,1194.2,53822000.000000045,1054000.000000014
2023-08-25,14:05:00,1197.5,Open,LONG,1197.5,53822000.000000045,
2023-08-25,14:10:00,1194.9,Close,None,1194.9,53515000.000000045,747000.000000014
2023-08-28,09:00:00,1202.0,Open,LONG,1202.0,53515000.000000045,
2023-08-28,10:00:00,1199.6,Close,None,1199.6,53228000.000000045,460000.00000001397
2023-08-28,10:45:00,1203.2,Open,LONG,1203.2,53228000.000000045,
2023-08-29,10:10:00,1209.1,Close,None,1209.1,53771000.000000045,1003000.0000000141
2023-08-29,10:55:00,1207.8,Open,SHORT,1207.8,53771000.000000045,
2023-08-29,13:10:00,1208.5,Close,None,1208.5,53654000.000000045,886000.0000000141
2023-08-29,14:10:00,1211.7,Open,LONG,1211.7,53654000.000000045,
2023-08-30,11:25:00,1214.8,Close,None,1214.8,53917000.000000045,1149000.000000014
2023-08-30,13:35:00,1217.4,Open,LONG,1217.4,53917000.000000045,
2023-08-31,14:00:00,1231.1,Close,None,1231.1,55240000.000000045,2472000.000000014
2023-09-05,09:00:00,1239.7,Open,LONG,1239.7,55240000.000000045,
2023-09-05,13:25:00,1242.3,Close,None,1242.3,55453000.000000045,2685000.000000014
2023-09-05,14:05:00,1240.1,Open,SHORT,1240.1,55453000.000000045,
2023-09-05,14:20:00,1242.3,Close,None,1242.3,55186000.000000045,2418000.000000014
2023-09-06,09:20:00,1238.2,Open,SHORT,1238.2,55186000.000000045,
2023-09-06,09:30:00,1240.4,Close,None,1240.4,54919000.000000045,2151000.000000014
2023-09-06,10:00:00,1243.9,Open,LONG,1243.9,54919000.000000045,
2023-09-06,10:25:00,1242.0,Close,None,1242.0,54682000.000000045,1914000.000000014
2023-09-06,10:45:00,1240.5,Open,SHORT,1240.5,54682000.000000045,
2023-09-06,13:05:00,1241.4,Close,None,1241.4,54545000.000000045,1777000.000000014
2023-09-06,13:45:00,1242.9,Open,LONG,1242.9,54545000.000000045,
2023-09-07,10:45:00,1260.1,Close,None,1260.1,56218000.000000045,3450000.000000014
2023-09-07,13:50:00,1252.6,Open,SHORT,1252.6,56218000.000000045,
2023-09-07,13:55:00,1255.0,Close,None,1255.0,55931000.000000045,3163000.000000014
2023-09-07,14:00:00,1253.1,Open,SHORT,1253.1,55931000.000000045,
2023-09-08,09:25:00,1255.3,Close,None,1255.3,55664000.000000045,2896000.000000014
2023-09-08,10:00:00,1256.6,Open,LONG,1256.6,55664000.000000045,
2023-09-08,10:35:00,1255.7,Close,None,1255.7,55527000.000000045,2759000.000000014
2023-09-08,11:00:00,1255.0,Open,SHORT,1255.0,55527000.000000045,
2023-09-08,11:05:00,1257.0,Close,None,1257.0,55280000.000000045,2512000.000000014
2023-09-08,11:05:00,1257.0,Open,LONG,1257.0,55280000.000000045,
2023-09-08,11:20:00,1255.5,Close,None,1255.5,55083000.000000045,2315000.000000014
2023-09-08,13:00:00,1257.5,Open,LONG,1257.5,55083000.000000045,
2023-09-08,13:30:00,1254.7,Close,None,1254.7,54756000.000000045,1988000.000000014
2023-09-08,13:35:00,1252.7,Open,SHORT,1252.7,54756000.000000045,
2023-09-08,13:50:00,1254.8,Close,None,1254.8,54499000.000000045,1731000.000000014
2023-09-11,09:05:00,1260.7,Open,LONG,1260.7,54499000.000000045,
2023-09-11,09:25:00,1257.8,Close,None,1257.8,54162000.000000045,1394000.000000014
2023-09-11,10:15:00,1252.0,Open,SHORT,1252.0,54162000.000000045,
2023-09-11,10:35:00,1255.0,Close,None,1255.0,53815000.000000045,1047000.000000014
2023-09-11,10:55:00,1253.0,Open,SHORT,1253.0,53815000.000000045,
2023-09-12,10:45:00,1236.5,Close,None,1236.5,55418000.000000045,2650000.000000014
2023-09-12,11:05:00,1237.3,Open,LONG,1237.3,55418000.000000045,
2023-09-12,11:25:00,1236.5,Close,None,1236.5,55291000.000000045,2523000.000000014
2023-09-12,13:05:00,1237.7,Open,LONG,1237.7,55291000.000000045,
2023-09-12,13:10:00,1235.4,Close,None,1235.4,55014000.000000045,2246000.000000014
2023-09-12,13:35:00,1239.0,Open,LONG,1239.0,55014000.000000045,
2023-09-13,10:15:00,1249.0,Close,None,1249.0,55967000.000000045,3199000.000000014
2023-09-13,11:05:00,1251.3,Open,LONG,1251.3,55967000.000000045,
2023-09-13,13:15:00,1250.0,Close,None,1250.0,55790000.000000045,3022000.000000014
2023-09-13,13:45:00,1258.6,Open,LONG,1258.6,55790000.000000045,
2023-09-13,13:55:00,1253.8,Close,None,1253.8,55263000.000000045,2495000.000000014
2023-09-13,14:15:00,1243.8,Open,SHORT,1243.8,55263000.000000045,
2023-09-14,09:10:00,1247.4,Close,None,1247.4,54856000.000000045,2088000.000000014
2023-09-14,10:20:00,1246.4,Open,SHORT,1246.4,54856000.000000045,
2023-09-14,14:05:00,1242.7,Close,None,1242.7,55179000.000000045,2411000.000000014
2023-09-15,09:50:00,1243.8,Open,LONG,1243.8,55179000.000000045,
2023-09-15,10:20:00,1241.0,Close,None,1241.0,54852000.000000045,2084000.000000014
2023-09-15,10:55:00,1237.8,Open,SHORT,1237.8,54852000.000000045,
2023-09-15,13:35:00,1239.3,Close,None,1239.3,54655000.000000045,1887000.000000014
2023-09-15,13:55:00,1242.0,Open,LONG,1242.0,54655000.000000045,
2023-09-15,14:10:00,1236.5,Close,None,1236.5,54058000.000000045,1290000.000000014
2023-09-18,09:00:00,1233.1,Open,SHORT,1233.1,54058000.000000045,
2023-09-18,13:55:00,1222.0,Close,None,1222.0,55121000.000000045,2353000.000000014
2023-09-19,09:20:00,1225.4,Open,LONG,1225.4,55121000.000000045,
2023-09-19,09:55:00,1223.3,Close,None,1223.3,54864000.000000045,2096000.000000014
2023-09-19,10:15:00,1221.6,Open,SHORT,1221.6,54864000.000000045,
2023-09-19,13:15:00,1220.2,Close,None,1220.2,54957000.000000045,2189000.000000014
2023-09-19,13:45:00,1221.5,Open,LONG,1221.5,54957000.000000045,
2023-09-19,13:55:00,1219.0,Close,None,1219.0,54660000.000000045,1892000.000000014
2023-09-19,14:05:00,1217.0,Open,SHORT,1217.0,54660000.000000045,
2023-09-19,14:20:00,1226.5,Close,None,1226.5,53663000.000000045,895000.0000000139
2023-09-20,09:45:00,1225.5,Open,LONG,1225.5,53663000.000000045,
2023-09-20,10:10:00,1222.5,Close,None,1222.5,53316000.000000045,548000.0000000139
2023-09-20,10:20:00,1224.7,Open,LONG,1224.7,53316000.000000045,
2023-09-21,09:15:00,1228.5,Close,None,1228.5,53649000.000000045,881000.0000000139
2023-09-21,10:05:00,1226.9,Open,SHORT,1226.9,53649000.000000045,
2023-09-21,11:10:00,1228.4,Close,None,1228.4,53452000.000000045,684000.0000000139
2023-09-21,11:20:00,1226.7,Open,SHORT,1226.7,53452000.000000045,
2023-09-21,13:20:00,1228.1,Close,None,1228.1,53265000.000000045,497000.00000001385
2023-09-21,13:50:00,1224.3,Open,SHORT,1224.3,53265000.000000045,
2023-09-22,09:00:00,1198.7,Close_Future_Expired,None,1198.7,55778000.00000004,2559999.9999999907
2023-09-22,10:05:00,1190.3,Open,SHORT,1190.3,55778000.00000004,
2023-09-22,13:25:00,1187.4,Close,None,1187.4,56021000.00000004,2802999.9999999907
2023-09-22,14:10:00,1197.7,Open,LONG,1197.7,56021000.00000004,
2023-09-25,09:00:00,1189.0,Close,None,1189.0,55104000.00000004,1885999.9999999907
2023-09-25,10:25:00,1193.3,Open,LONG,1193.3,55104000.00000004,
2023-09-25,13:15:00,1191.6,Close,None,1191.6,54887000.00000004,1668999.9999999907
2023-09-25,13:35:00,1188.9,Open,SHORT,1188.9,54887000.00000004,
2023-09-26,10:15:00,1173.3,Close,None,1173.3,56400000.00000004,3181999.9999999907
2023-09-26,13:00:00,1160.6,Open,SHORT,1160.6,56400000.00000004,
2023-09-26,13:05:00,1162.7,Close,None,1162.7,56143000.00000004,2924999.9999999907
2023-09-27,09:00:00,1154.9,Open,SHORT,1154.9,56143000.00000004,
2023-09-27,09:15:00,1156.9,Close,None,1156.9,55896000.00000004,2677999.9999999907
2023-09-27,09:20:00,1154.8,Open,SHORT,1154.8,55896000.00000004,
2023-09-27,09:35:00,1156.8,Close,None,1156.8,55649000.00000004,2430999.9999999907
2023-09-27,10:00:00,1150.9,Open,SHORT,1150.9,55649000.00000004,
2023-09-27,10:05:00,1154.0,Close,None,1154.0,55292000.00000004,2073999.9999999907
2023-09-27,13:40:00,1157.1,Open,LONG,1157.1,55292000.00000004,
2023-09-27,13:50:00,1152.4,Close,None,1152.4,54775000.00000004,1556999.9999999907
2023-09-27,14:15:00,1162.5,Open,LONG,1162.5,54775000.00000004,
2023-09-28,09:15:00,1159.6,Close,None,1159.6,54438000.00000004,1219999.9999999907
2023-09-28,10:10:00,1156.1,Open,SHORT,1156.1,54438000.00000004,
2023-09-28,11:20:00,1150.6,Close,None,1150.6,54941000.00000004,1722999.9999999907
2023-09-28,14:10:00,1165.0,Open,LONG,1165.0,54941000.00000004,
2023-09-28,14:20:00,1156.7,Close,None,1156.7,54064000.00000004,845999.9999999906
2023-09-29,09:00:00,1166.4,Open,LONG,1166.4,54064000.00000004,
2023-09-29,13:10:00,1165.5,Close,None,1165.5,53927000.00000004,708999.9999999906
2023-10-02,09:05:00,1163.4,Open,SHORT,1163.4,53927000.00000004,
2023-10-02,10:05:00,1164.4,Close,None,1164.4,53780000.00000004,561999.9999999906
2023-10-02,10:35:00,1166.4,Open,LONG,1166.4,53780000.00000004,
2023-10-02,13:35:00,1166.6,Close,None,1166.6,53753000.00000004,534999.9999999906
2023-10-02,14:15:00,1162.0,Open,SHORT,1162.0,53753000.00000004,
2023-10-03,14:10:00,1143.0,Close,None,1143.0,55606000.00000004,2387999.9999999907
2023-10-03,14:20:00,1129.4,Open,SHORT,1129.4,55606000.00000004,
2023-10-03,14:25:00,1134.0,Close,None,1134.0,55099000.00000004,1880999.9999999907
2023-10-04,09:00:00,1119.8,Open,SHORT,1119.8,55099000.00000004,
2023-10-04,09:15:00,1123.1,Close,None,1123.1,54722000.00000004,1503999.9999999907
2023-10-04,09:15:00,1123.1,Open,SHORT,1123.1,54722000.00000004,
2023-10-04,09:35:00,1125.5,Close,None,1125.5,54435000.00000004,1216999.9999999907
2023-10-04,11:05:00,1129.4,Open,SHORT,1129.4,54435000.00000004,
2023-10-04,11:20:00,1131.4,Close,None,1131.4,54188000.00000004,969999.9999999907
2023-10-04,13:00:00,1136.4,Open,LONG,1136.4,54188000.00000004,
2023-10-04,13:15:00,1134.1,Close,None,1134.1,53911000.00000004,692999.9999999907
2023-10-04,13:30:00,1136.2,Open,LONG,1136.2,53911000.00000004,
2023-10-04,14:30:00,1135.3,Close,None,1135.3,53774000.00000004,555999.9999999907
2023-10-05,09:25:00,1133.0,Open,SHORT,1133.0,53774000.00000004,
2023-10-05,09:40:00,1135.1,Close,None,1135.1,53517000.00000004,298999.9999999907
2023-10-05,09:50:00,1133.6,Open,SHORT,1133.6,53517000.00000004,
2023-10-05,11:10:00,1134.3,Close,None,1134.3,53400000.00000004,181999.9999999907
2023-10-05,13:35:00,1135.3,Open,LONG,1135.3,53400000.00000004,
2023-10-05,13:45:00,1130.5,Close,None,1130.5,52873000.00000004,-345000.0000000093
2023-10-05,14:05:00,1128.0,Open,SHORT,1128.0,52873000.00000004,
2023-10-06,13:05:00,1125.4,Close,None,1125.4,53086000.00000004,-132000.0000000093
2023-10-06,13:30:00,1126.8,Open,LONG,1126.8,53086000.00000004,
2023-10-09,09:00:00,1134.0,Close,None,1134.0,53759000.00000004,540999.9999999907
2023-10-09,10:15:00,1141.0,Open,LONG,1141.0,53759000.00000004,
2023-10-09,10:50:00,1138.7,Close,None,1138.7,53482000.00000004,263999.99999999074
2023-10-09,13:20:00,1141.9,Open,LONG,1141.9,53482000.00000004,
2023-10-09,13:45:00,1139.6,Close,None,1139.6,53205000.00000004,-13000.000000009197
2023-10-09,14:00:00,1141.6,Open,LONG,1141.6,53205000.00000004,
2023-10-10,13:50:00,1157.0,Close,None,1157.0,54698000.00000004,1479999.9999999907
2023-10-10,14:25:00,1155.3,Open,SHORT,1155.3,54698000.00000004,
2023-10-11,09:00:00,1158.7,Close,None,1158.7,54311000.00000004,1092999.9999999907
2023-10-11,09:40:00,1158.6,Open,LONG,1158.6,54311000.00000004,
2023-10-11,09:55:00,1157.8,Close,None,1157.8,54184000.00000004,965999.9999999907
2023-10-11,10:35:00,1158.5,Open,LONG,1158.5,54184000.00000004,
2023-10-11,10:50:00,1157.6,Close,None,1157.6,54047000.00000004,828999.9999999907
2023-10-11,11:15:00,1157.1,Open,SHORT,1157.1,54047000.00000004,
2023-10-11,11:25:00,1158.0,Close,None,1158.0,53910000.00000004,691999.9999999907
2023-10-11,13:20:00,1153.5,Open,SHORT,1153.5,53910000.00000004,
2023-10-11,13:40:00,1156.1,Close,None,1156.1,53603000.00000004,384999.9999999907
2023-10-11,13:55:00,1159.6,Open,LONG,1159.6,53603000.00000004,
2023-10-12,13:35:00,1164.8,Close,None,1164.8,54076000.00000004,857999.9999999907
2023-10-12,13:50:00,1162.5,Open,SHORT,1162.5,54076000.00000004,
2023-10-12,14:05:00,1165.4,Close,None,1165.4,53739000.00000004,520999.9999999907
2023-10-12,14:20:00,1159.3,Open,SHORT,1159.3,53739000.00000004,
2023-10-12,14:25:00,1161.7,Close,None,1161.7,53452000.00000004,233999.9999999907
2023-10-13,09:05:00,1152.7,Open,SHORT,1152.7,53452000.00000004,
2023-10-13,13:55:00,1151.0,Close,None,1151.0,53575000.00000004,356999.9999999907
2023-10-13,14:15:00,1156.7,Open,LONG,1156.7,53575000.00000004,
2023-10-16,09:00:00,1158.0,Close,None,1158.0,53658000.00000004,439999.9999999907
2023-10-16,10:25:00,1154.2,Open,SHORT,1154.2,53658000.00000004,
2023-10-16,13:15:00,1155.1,Close,None,1155.1,53521000.00000004,302999.9999999907
2023-10-16,14:00:00,1151.0,Open,SHORT,1151.0,53521000.00000004,
2023-10-17,09:05:00,1152.4,Close,None,1152.4,53334000.00000004,115999.99999999069
2023-10-17,09:50:00,1149.6,Open,SHORT,1149.6,53334000.00000004,
2023-10-17,10:35:00,1150.8,Close,None,1150.8,53167000.00000004,-51000.00000000931
2023-10-17,10:55:00,1153.8,Open,LONG,1153.8,53167000.00000004,
2023-10-17,13:45:00,1154.2,Close,None,1154.2,53160000.00000004,-58000.000000009306
2023-10-17,14:15:00,1151.5,Open,SHORT,1151.5,53160000.00000004,
2023-10-18,10:55:00,1137.4,Close,None,1137.4,54523000.00000004,1304999.9999999907
2023-10-18,13:50:00,1137.7,Open,SHORT,1137.7,54523000.00000004,
2023-10-19,11:00:00,1119.3,Close,None,1119.3,56316000.00000004,3097999.9999999907
2023-10-19,11:15:00,1115.2,Open,SHORT,1115.2,56316000.00000004,
2023-10-19,11:25:00,1119.2,Close,None,1119.2,55869000.00000004,2650999.9999999907
2023-10-19,14:15:00,1113.5,Open,SHORT,1113.5,55869000.00000004,
2023-10-20,09:00:00,1102.4,Close_Future_Expired,None,1102.4,56932000.00000003,1109999.999999991
2023-10-20,09:50:00,1105.2,Open,LONG,1105.2,56932000.00000003,
2023-10-20,10:15:00,1101.7,Close,None,1101.7,56535000.00000003,712999.9999999909
2023-10-20,10:20:00,1099.6,Open,SHORT,1099.6,56535000.00000003,
2023-10-20,10:30:00,1102.1,Close,None,1102.1,56238000.00000003,415999.9999999909
2023-10-20,10:45:00,1099.7,Open,SHORT,1099.7,56238000.00000003,
2023-10-20,13:05:00,1101.2,Close,None,1101.2,56041000.00000003,218999.99999999092
2023-10-20,13:25:00,1108.7,Open,LONG,1108.7,56041000.00000003,
2023-10-23,09:55:00,1111.8,Close,None,1111.8,56304000.00000003,481999.9999999909
2023-10-23,10:20:00,1107.8,Open,SHORT,1107.8,56304000.00000003,
2023-10-23,13:15:00,1104.6,Close,None,1104.6,56577000.00000003,754999.9999999909
2023-10-23,14:05:00,1098.7,Open,SHORT,1098.7,56577000.00000003,
2023-10-23,14:25:00,1103.4,Close,None,1103.4,56060000.00000003,237999.99999999092
2023-10-24,09:10:00,1112.2,Open,LONG,1112.2,56060000.00000003,
2023-10-24,10:15:00,1109.8,Close,None,1109.8,55773000.00000003,-49000.00000000908
2023-10-24,10:40:00,1104.8,Open,SHORT,1104.8,55773000.00000003,
2023-10-24,11:20:00,1108.7,Close,None,1108.7,55336000.00000003,-486000.0000000091
2023-10-24,13:05:00,1113.1,Open,LONG,1113.1,55336000.00000003,
2023-10-25,13:15:00,1118.5,Close,None,1118.5,55829000.00000003,6999.999999990978
2023-10-25,13:25:00,1117.3,Open,SHORT,1117.3,55829000.00000003,
2023-10-26,13:00:00,1074.7,Close,None,1074.7,60042000.00000003,4219999.999999991
2023-10-26,13:50:00,1063.0,Open,SHORT,1063.0,60042000.00000003,
2023-10-26,14:05:00,1065.6,Close,None,1065.6,59735000.00000003,3912999.9999999907
2023-10-26,14:10:00,1058.5,Open,SHORT,1058.5,59735000.00000003,
2023-10-26,14:25:00,1066.2,Close,None,1066.2,58918000.00000003,3095999.9999999907
2023-10-27,13:15:00,1059.2,Open,SHORT,1059.2,58918000.00000003,
2023-10-27,14:00:00,1061.3,Close,None,1061.3,58661000.00000003,2838999.9999999907
2023-10-30,09:05:00,1057.6,Open,SHORT,1057.6,58661000.00000003,
2023-10-30,09:20:00,1059.8,Close,None,1059.8,58394000.00000003,2571999.9999999907
2023-10-30,09:30:00,1057.1,Open,SHORT,1057.1,58394000.00000003,
2023-10-30,11:20:00,1057.9,Close,None,1057.9,58267000.00000003,2444999.9999999907
2023-10-30,13:30:00,1062.2,Open,LONG,1062.2,58267000.00000003,
2023-10-30,14:25:00,1050.0,Close,None,1050.0,57000000.00000003,1177999.9999999907
2023-10-31,09:00:00,1045.0,Open,SHORT,1045.0,57000000.00000003,
2023-10-31,09:30:00,1047.3,Close,None,1047.3,56723000.00000003,900999.9999999907
2023-10-31,09:35:00,1046.2,Open,SHORT,1046.2,56723000.00000003,
2023-10-31,11:00:00,1049.7,Close,None,1049.7,56326000.00000003,503999.9999999907
2023-10-31,13:45:00,1046.6,Open,SHORT,1046.6,56326000.00000003,
2023-11-01,09:00:00,1046.9,Close,None,1046.9,56249000.00000003,426999.9999999907
2023-11-01,10:00:00,1043.1,Open,SHORT,1043.1,56249000.00000003,
2023-11-01,10:45:00,1045.1,Close,None,1045.1,56002000.00000003,179999.99999999072
2023-11-01,11:10:00,1047.1,Open,LONG,1047.1,56002000.00000003,
2023-11-01,13:10:00,1045.0,Close,None,1045.0,55745000.00000003,-77000.00000000928
2023-11-01,13:25:00,1043.3,Open,SHORT,1043.3,55745000.00000003,
2023-11-01,14:00:00,1046.8,Close,None,1046.8,55348000.00000003,-474000.0000000093
2023-11-01,14:20:00,1049.4,Open,LONG,1049.4,55348000.00000003,
2023-11-03,14:00:00,1087.0,Close,None,1087.0,59061000.00000003,3238999.999999991
2023-11-03,14:15:00,1092.6,Open,LONG,1092.6,59061000.00000003,
2023-11-03,14:30:00,1090.0,Close,None,1090.0,58754000.00000003,2931999.999999991
2023-11-06,09:00:00,1097.5,Open,LONG,1097.5,58754000.00000003,
2023-11-06,10:45:00,1100.1,Close,None,1100.1,58967000.00000003,3144999.999999991
2023-11-06,13:20:00,1102.0,Open,LONG,1102.0,58967000.00000003,
2023-11-06,14:00:00,1100.0,Close,None,1100.0,58720000.00000003,2897999.999999991
2023-11-07,09:15:00,1096.9,Open,SHORT,1096.9,58720000.00000003,
2023-11-07,09:50:00,1099.6,Close,None,1099.6,58403000.00000003,2580999.999999991
2023-11-07,10:15:00,1097.4,Open,SHORT,1097.4,58403000.00000003,
2023-11-07,10:25:00,1100.9,Close,None,1100.9,58006000.00000003,2183999.999999991
2023-11-07,11:20:00,1098.0,Open,SHORT,1098.0,58006000.00000003,
2023-11-07,13:05:00,1099.2,Close,None,1099.2,57839000.00000003,2016999.9999999912
2023-11-07,13:25:00,1096.5,Open,SHORT,1096.5,57839000.00000003,
2023-11-07,14:10:00,1097.7,Close,None,1097.7,57672000.00000003,1849999.9999999912
2023-11-07,14:20:00,1095.2,Open,SHORT,1095.2,57672000.00000003,
2023-11-08,10:55:00,1091.6,Close,None,1091.6,57985000.00000003,2162999.999999991
2023-11-08,13:10:00,1090.1,Open,SHORT,1090.1,57985000.00000003,
2023-11-08,13:30:00,1093.2,Close,None,1093.2,57628000.00000003,1805999.9999999912
2023-11-08,13:45:00,1104.5,Open,LONG,1104.5,57628000.00000003,
2023-11-09,13:15:00,1130.2,Close,None,1130.2,60151000.00000003,4328999.999999991
2023-11-09,13:50:00,1124.4,Open,SHORT,1124.4,60151000.00000003,
2023-11-09,13:55:00,1129.5,Close,None,1129.5,59594000.00000003,3771999.9999999907
2023-11-09,14:10:00,1133.3,Open,LONG,1133.3,59594000.00000003,
2023-11-09,14:15:00,1127.0,Close,None,1127.0,58917000.00000003,3094999.9999999907
2023-11-09,14:15:00,1127.0,Open,SHORT,1127.0,58917000.00000003,
2023-11-10,10:45:00,1116.4,Close,None,1116.4,59930000.00000003,4107999.9999999907
2023-11-10,13:15:00,1117.2,Open,LONG,1117.2,59930000.00000003,
2023-11-10,14:10:00,1116.0,Close,None,1116.0,59763000.00000003,3940999.9999999907
2023-11-10,14:15:00,1109.0,Open,SHORT,1109.0,59763000.00000003,
2023-11-13,09:00:00,1111.9,Close,None,1111.9,59426000.00000003,3603999.9999999907
2023-11-13,09:20:00,1108.7,Open,SHORT,1108.7,59426000.00000003,
2023-11-13,09:40:00,1111.1,Close,None,1111.1,59139000.00000003,3316999.9999999907
2023-11-13,10:10:00,1108.2,Open,SHORT,1108.2,59139000.00000003,
2023-11-13,10:20:00,1111.1,Close,None,1111.1,58802000.00000003,2979999.9999999907
2023-11-13,13:35:00,1109.6,Open,SHORT,1109.6,58802000.00000003,
2023-11-14,09:00:00,1115.0,Close,None,1115.0,58215000.00000003,2392999.9999999907
2023-11-14,09:10:00,1116.6,Open,LONG,1116.6,58215000.00000003,
2023-11-14,13:20:00,1117.2,Close,None,1117.2,58228000.00000003,2405999.9999999907
2023-11-14,13:55:00,1113.6,Open,SHORT,1113.6,58228000.00000003,
2023-11-14,14:20:00,1116.6,Close,None,1116.6,57881000.00000003,2058999.9999999907
2023-11-15,09:00:00,1143.5,Open,LONG,1143.5,57881000.00000003,
2023-11-15,09:10:00,1141.3,Close,None,1141.3,57614000.00000003,1791999.9999999907
2023-11-15,09:10:00,1141.3,Open,LONG,1141.3,57614000.00000003,
2023-11-15,13:20:00,1141.8,Close,None,1141.8,57617000.00000003,1794999.9999999907
2023-11-15,13:55:00,1140.3,Open,SHORT,1140.3,57617000.00000003,
2023-11-16,09:50:00,1132.1,Close,None,1132.1,58390000.00000003,2567999.9999999907
2023-11-16,10:35:00,1129.0,Open,SHORT,1129.0,58390000.00000003,
2023-11-16,13:35:00,1130.0,Close,None,1130.0,58243000.00000003,2420999.9999999907
2023-11-16,14:00:00,1127.0,Open,SHORT,1127.0,58243000.00000003,
2023-11-17,09:00:00,1141.3,Close_Future_Expired,None,1141.3,56766000.00000004,-1429999.9999999953
2023-11-17,09:55:00,1133.9,Open,SHORT,1133.9,56766000.00000004,
2023-11-17,14:20:00,1122.6,Close,None,1122.6,57849000.00000004,-346999.99999999534
2023-11-20,09:00:00,1085.7,Open,SHORT,1085.7,57849000.00000004,
2023-11-20,09:20:00,1089.9,Close,None,1089.9,57382000.00000004,-813999.9999999953
2023-11-20,09:20:00,1089.9,Open,SHORT,1089.9,57382000.00000004,
2023-11-20,09:45:00,1095.9,Close,None,1095.9,56735000.00000004,-1460999.9999999953
2023-11-21,09:00:00,1110.0,Open,LONG,1110.0,56735000.00000004,
2023-11-21,09:45:00,1106.4,Close,None,1106.4,56328000.00000004,-1867999.9999999953
2023-11-21,10:45:00,1108.9,Open,LONG,1108.9,56328000.00000004,
2023-11-21,11:00:00,1106.3,Close,None,1106.3,56021000.00000004,-2174999.9999999953
2023-11-21,11:10:00,1104.5,Open,SHORT,1104.5,56021000.00000004,
2023-11-21,13:25:00,1105.3,Close,None,1105.3,55894000.00000004,-2301999.9999999953
2023-11-22,09:00:00,1111.1,Open,LONG,1111.1,55894000.00000004,
2023-11-22,09:15:00,1109.0,Close,None,1109.0,55637000.00000004,-2558999.9999999953
2023-11-22,09:20:00,1110.7,Open,LONG,1110.7,55637000.00000004,
2023-11-22,11:15:00,1109.8,Close,None,1109.8,55500000.00000004,-2695999.9999999953
2023-11-22,11:25:00,1103.0,Open,SHORT,1103.0,55500000.00000004,
2023-11-22,14:10:00,1106.0,Close,None,1106.0,55153000.00000004,-3042999.9999999953
2023-11-23,09:00:00,1116.4,Open,LONG,1116.4,55153000.00000004,
2023-11-23,09:30:00,1113.9,Close,None,1113.9,54856000.00000004,-3339999.9999999953
2023-11-23,09:35:00,1114.4,Open,LONG,1114.4,54856000.00000004,
2023-11-23,10:00:00,1111.2,Close,None,1111.2,54489000.00000004,-3706999.9999999953
2023-11-23,10:35:00,1108.5,Open,SHORT,1108.5,54489000.00000004,
2023-11-23,13:05:00,1109.8,Close,None,1109.8,54312000.00000004,-3883999.9999999953
2023-11-23,13:30:00,1111.2,Open,LONG,1111.2,54312000.00000004,
2023-11-23,13:35:00,1108.2,Close,None,1108.2,53965000.00000004,-4230999.999999995
2023-11-23,13:55:00,1107.2,Open,SHORT,1107.2,53965000.00000004,
2023-11-23,14:00:00,1111.9,Close,None,1111.9,53448000.00000004,-4747999.999999995
2023-11-23,14:10:00,1103.7,Open,SHORT,1103.7,53448000.00000004,
2023-11-24,13:15:00,1083.5,Close,None,1083.5,55421000.00000004,-2774999.9999999953
2023-11-24,14:10:00,1068.7,Open,SHORT,1068.7,55421000.00000004,
2023-11-24,14:15:00,1075.5,Close,None,1075.5,54694000.00000004,-3501999.9999999953
2023-11-27,09:45:00,1083.1,Open,LONG,1083.1,54694000.00000004,
2023-11-27,09:55:00,1081.3,Close,None,1081.3,54467000.00000004,-3728999.9999999953
2023-11-27,10:30:00,1080.2,Open,SHORT,1080.2,54467000.00000004,
2023-11-27,10:40:00,1081.6,Close,None,1081.6,54280000.00000004,-3915999.9999999953
2023-11-27,13:35:00,1083.0,Open,LONG,1083.0,54280000.00000004,
2023-11-27,14:10:00,1081.0,Close,None,1081.0,54033000.00000004,-4162999.9999999953
2023-11-27,14:20:00,1077.2,Open,SHORT,1077.2,54033000.00000004,
2023-11-28,13:20:00,1075.4,Close,None,1075.4,54166000.00000004,-4029999.9999999953
2023-11-28,13:35:00,1078.7,Open,LONG,1078.7,54166000.00000004,
2023-11-28,13:40:00,1076.7,Close,None,1076.7,53919000.00000004,-4276999.999999995
2023-11-28,13:40:00,1076.7,Open,LONG,1076.7,53919000.00000004,
2023-11-30,09:00:00,1089.5,Close,None,1089.5,55152000.00000004,-3043999.9999999953
2023-11-30,09:45:00,1093.0,Open,LONG,1093.0,55152000.00000004,
2023-11-30,11:00:00,1093.8,Close,None,1093.8,55185000.00000004,-3010999.9999999953
2023-11-30,13:05:00,1092.5,Open,SHORT,1092.5,55185000.00000004,
2023-11-30,13:25:00,1093.4,Close,None,1093.4,55048000.00000004,-3147999.9999999953
2023-11-30,13:45:00,1091.4,Open,SHORT,1091.4,55048000.00000004,
2023-12-01,14:00:00,1086.1,Close,None,1086.1,55531000.00000004,-2664999.9999999953
2023-12-01,14:10:00,1086.6,Open,LONG,1086.6,55531000.00000004,
2023-12-04,13:40:00,1104.1,Close,None,1104.1,57234000.00000004,-961999.9999999953
2023-12-04,14:00:00,1109.5,Open,LONG,1109.5,57234000.00000004,
2023-12-04,14:25:00,1106.9,Close,None,1106.9,56927000.00000004,-1268999.9999999953
2023-12-05,10:30:00,1105.3,Open,SHORT,1105.3,56927000.00000004,
2023-12-05,13:15:00,1103.1,Close,None,1103.1,57100000.00000004,-1095999.9999999953
2023-12-05,13:45:00,1101.1,Open,SHORT,1101.1,57100000.00000004,
2023-12-06,09:00:00,1102.9,Close,None,1102.9,56873000.00000004,-1322999.9999999953
2023-12-06,09:55:00,1102.6,Open,LONG,1102.6,56873000.00000004,
2023-12-06,13:35:00,1103.9,Close,None,1103.9,56956000.00000004,-1239999.9999999953
2023-12-06,13:50:00,1106.7,Open,LONG,1106.7,56956000.00000004,
2023-12-07,09:50:00,1106.5,Close,None,1106.5,56889000.00000004,-1306999.9999999953
2023-12-07,10:00:00,1100.5,Open,SHORT,1100.5,56889000.00000004,
2023-12-07,10:10:00,1102.8,Close,None,1102.8,56612000.00000004,-1583999.9999999953
2023-12-07,10:10:00,1102.8,Open,SHORT,1102.8,56612000.00000004,
2023-12-07,10:20:00,1106.8,Close,None,1106.8,56165000.00000004,-2030999.9999999953
2023-12-07,11:00:00,1100.0,Open,SHORT,1100.0,56165000.00000004,
2023-12-07,13:40:00,1102.8,Close,None,1102.8,55838000.00000004,-2357999.9999999953
2023-12-07,14:05:00,1105.8,Open,LONG,1105.8,55838000.00000004,
2023-12-07,14:25:00,1110.5,Close,None,1110.5,56261000.00000004,-1934999.9999999953
2023-12-08,09:20:00,1111.8,Open,LONG,1111.8,56261000.00000004,
2023-12-08,14:05:00,1114.3,Close,None,1114.3,56464000.00000004,-1731999.9999999953
2023-12-11,09:05:00,1116.8,Open,LONG,1116.8,56464000.00000004,
2023-12-11,09:45:00,1114.2,Close,None,1114.2,56157000.00000004,-2038999.9999999953
2023-12-11,10:15:00,1114.2,Open,SHORT,1114.2,56157000.00000004,
2023-12-11,13:10:00,1115.0,Close,None,1115.0,56030000.00000004,-2165999.9999999953
2023-12-11,13:45:00,1116.2,Open,LONG,1116.2,56030000.00000004,
2023-12-12,10:35:00,1118.0,Close,None,1118.0,56163000.00000004,-2032999.9999999953
2023-12-12,11:00:00,1113.8,Open,SHORT,1113.8,56163000.00000004,
2023-12-12,13:10:00,1115.9,Close,None,1115.9,55906000.00000004,-2289999.9999999953
2023-12-12,14:25:00,1118.5,Open,LONG,1118.5,55906000.00000004,
2023-12-13,10:20:00,1119.6,Close,None,1119.6,55969000.00000004,-2226999.9999999953
2023-12-13,11:20:00,1118.4,Open,SHORT,1118.4,55969000.00000004,
2023-12-14,09:00:00,1111.6,Close,None,1111.6,56602000.00000004,-1593999.9999999953
2023-12-14,09:20:00,1110.1,Open,SHORT,1110.1,56602000.00000004,
2023-12-14,10:55:00,1110.7,Close,None,1110.7,56495000.00000004,-1700999.9999999953
2023-12-14,11:20:00,1112.4,Open,LONG,1112.4,56495000.00000004,
2023-12-14,13:20:00,1110.6,Close,None,1110.6,56268000.00000004,-1927999.9999999953
2023-12-14,13:35:00,1112.5,Open,LONG,1112.5,56268000.00000004,
2023-12-14,13:55:00,1109.9,Close,None,1109.9,55961000.00000004,-2234999.9999999953
2023-12-14,14:00:00,1109.6,Open,SHORT,1109.6,55961000.00000004,
2023-12-15,10:45:00,1105.3,Close,None,1105.3,56344000.00000004,-1851999.9999999953
2023-12-15,10:55:00,1104.3,Open,SHORT,1104.3,56344000.00000004,
2023-12-15,13:20:00,1106.0,Close,None,1106.0,56127000.00000004,-2068999.9999999953
2023-12-15,14:00:00,1107.5,Open,LONG,1107.5,56127000.00000004,
2023-12-15,14:10:00,1104.9,Close,None,1104.9,55820000.00000004,-2375999.9999999953
2023-12-15,14:25:00,1098.9,Open,SHORT,1098.9,55820000.00000004,
2023-12-18,13:40:00,1094.2,Close,None,1094.2,56243000.00000004,-1952999.9999999953
2023-12-18,14:20:00,1089.0,Open,SHORT,1089.0,56243000.00000004,
2023-12-19,13:10:00,1084.0,Close,None,1084.0,56696000.00000004,-1499999.9999999953
2023-12-19,13:45:00,1080.8,Open,SHORT,1080.8,56696000.00000004,
2023-12-19,13:55:00,1083.0,Close,None,1083.0,56429000.00000004,-1766999.9999999953
2023-12-19,14:10:00,1079.5,Open,SHORT,1079.5,56429000.00000004,
2023-12-19,14:20:00,1086.1,Close,None,1086.1,55722000.00000004,-2473999.9999999953
2023-12-19,14:25:00,1088.3,Open,LONG,1088.3,55722000.00000004,
2023-12-21,09:05:00,1092.7,Close,None,1092.7,56115000.00000004,-2080999.9999999953
2023-12-21,09:55:00,1091.5,Open,SHORT,1091.5,56115000.00000004,
2023-12-21,11:05:00,1091.9,Close,None,1091.9,56028000.00000004,-2167999.9999999953
2023-12-21,13:05:00,1092.4,Open,LONG,1092.4,56028000.00000004,
2023-12-21,14:05:00,1092.7,Close,None,1092.7,56011000.00000004,-2184999.9999999953
2023-12-21,14:20:00,1094.8,Open,LONG,1094.8,56011000.00000004,
